%Time2 coef_friccion2
1000.142 0.06636
1000.302 0.06514
1000.462 0.06393
1000.622 0.06367
1000.772 0.06459
1000.932 0.06307
1001.082 0.06437
1001.242 0.06594
1001.402 0.0663
1001.562 0.0651
1001.712 0.06654
1001.872 0.06758
1002.032 0.0678
1002.192 0.06713
1002.342 0.06865
1002.502 0.06738
1002.662 0.06609
1002.822 0.06583
1002.972 0.06671
1003.132 0.06531
1003.292 0.06446
1003.452 0.0645
1003.602 0.06501
1003.762 0.06384
1003.912 0.06527
1004.072 0.06655
1004.232 0.06664
1004.392 0.0662
1004.542 0.06777
1004.702 0.06649
1004.862 0.0651
1005.022 0.0648
1005.172 0.06567
1005.332 0.06429
1005.492 0.06361
1005.652 0.06365
1005.802 0.06405
1005.962 0.0627
1006.112 0.06426
1006.272 0.06549
1006.432 0.06563
1006.592 0.0651
1006.742 0.06655
1006.902 0.06524
1007.062 0.06386
1007.222 0.06372
1007.372 0.0645
1007.532 0.06319
1007.692 0.06251
1007.852 0.0627
1008.002 0.06329
1008.162 0.06269
1008.312 0.0646
1008.472 0.06382
1008.632 0.06294
1008.792 0.06287
1008.942 0.06413
1009.102 0.06331
1009.262 0.06258
1009.422 0.06266
1009.572 0.06352
1009.732 0.06291
1009.892 0.06274
1010.052 0.06065
1010.202 0.05951
1010.362 0.05904
1010.512 0.06094
1010.672 0.0605
1010.832 0.05972
1010.992 0.05963
1011.142 0.06092
1011.302 0.06007
1011.462 0.05947
1011.622 0.05955
1011.772 0.06059
1011.932 0.05995
1012.082 0.06185
1012.242 0.06151
1012.402 0.0604
1012.562 0.05972
1012.712 0.06156
1012.872 0.06102
1013.032 0.06027
1013.192 0.06044
1013.342 0.06176
1013.502 0.06091
1013.662 0.0602
1013.822 0.06013
1013.972 0.06098
1014.132 0.06026
1014.282 0.06227
1014.442 0.06193
1014.602 0.06094
1014.762 0.06027
1014.912 0.0621
1015.072 0.06135
1015.232 0.06055
1015.392 0.06054
1015.542 0.06195
1015.702 0.06105
1015.862 0.06044
1016.022 0.06041
1016.172 0.06132
1016.332 0.06052
1016.492 0.06035
1016.652 0.06041
1016.802 0.06086
1016.962 0.06019
1017.112 0.06184
1017.272 0.06119
1017.432 0.06023
1017.592 0.0602
1017.742 0.06151
1017.902 0.06061
1018.062 0.06006
1018.222 0.06017
1018.372 0.06105
1018.532 0.06028
1018.692 0.05998
1018.852 0.05985
1019.002 0.06048
1019.162 0.05983
1019.312 0.06167
1019.472 0.061
1019.632 0.06005
1019.792 0.06008
1019.942 0.06152
1020.102 0.0609
1020.262 0.06029
1020.422 0.06048
1020.572 0.06132
1020.732 0.06047
1020.892 0.06022
1021.052 0.0602
1021.202 0.06076
1021.362 0.0601
1021.512 0.06189
1021.672 0.06123
1021.832 0.06032
1021.992 0.06024
1022.142 0.06176
1022.302 0.06107
1022.462 0.06047
1022.622 0.06068
1022.772 0.06159
1022.932 0.0608
1023.092 0.06046
1023.252 0.06059
1023.402 0.06121
1023.562 0.06075
1023.712 0.06253
1023.872 0.06195
1024.032 0.06084
1024.192 0.06063
1024.342 0.06193
1024.502 0.06135
1024.662 0.06078
1024.822 0.06109
1024.972 0.06191
1025.132 0.0611
1025.292 0.06084
1025.452 0.05875
1025.602 0.0579
1025.762 0.05738
1025.912 0.05931
1026.072 0.05868
1026.232 0.05782
1026.392 0.05753
1026.542 0.05887
1026.702 0.05834
1026.862 0.05785
1027.022 0.05818
1027.172 0.0593
1027.332 0.05863
1027.492 0.05832
1027.652 0.0562
1027.802 0.05524
1027.962 0.0546
1028.112 0.05649
1028.272 0.05598
1028.432 0.05534
1028.592 0.05504
1028.742 0.05642
1028.902 0.056
1029.062 0.05535
1029.222 0.05558
1029.372 0.0567
1029.532 0.0561
1029.692 0.05584
1029.852 0.05593
1030.002 0.05667
1030.162 0.05615
1030.312 0.05813
1030.472 0.05793
1030.632 0.05735
1030.792 0.05709
1030.942 0.05859
1031.102 0.05807
1031.262 0.05748
1031.422 0.05773
1031.572 0.05901
1031.732 0.05847
1031.892 0.05841
1032.052 0.05863
1032.202 0.0595
1032.362 0.05891
1032.512 0.06103
1032.672 0.06086
1032.832 0.06023
1032.992 0.05998
1033.142 0.06145
1033.302 0.06092
1033.462 0.06012
1033.622 0.06027
1033.772 0.06146
1033.932 0.06089
1034.092 0.06087
1034.252 0.06099
1034.402 0.06189
1034.562 0.06121
1034.712 0.06337
1034.872 0.06302
1035.032 0.06232
1035.192 0.06215
1035.342 0.06381
1035.502 0.06325
1035.662 0.06266
1035.822 0.0627
1035.972 0.06406
1036.132 0.06357
1036.292 0.06327
1036.452 0.06341
1036.602 0.06423
1036.762 0.06369
1036.912 0.06567
1037.072 0.06536
1037.232 0.06466
1037.392 0.06456
1037.542 0.06628
1037.702 0.06601
1037.862 0.06542
1038.022 0.0655
1038.172 0.06681
1038.332 0.06638
1038.492 0.06606
1038.652 0.06646
1038.802 0.06749
1038.962 0.06684
1039.122 0.06685
1039.282 0.06491
1039.432 0.06421
1039.592 0.06384
1039.742 0.0657
1039.902 0.06525
1040.062 0.0646
1040.222 0.06452
1040.372 0.0657
1040.532 0.0652
1040.692 0.0648
1040.852 0.06505
1041.002 0.0662
1041.162 0.06573
1041.322 0.06581
1041.482 0.064
1041.632 0.06337
1041.792 0.06293
1041.942 0.06494
1042.102 0.06461
1042.262 0.06398
1042.422 0.06404
1042.572 0.06524
1042.732 0.06491
1042.892 0.06437
1043.052 0.06456
1043.202 0.06574
1043.362 0.0653
1043.522 0.06528
1043.682 0.06341
1043.832 0.06254
1043.992 0.06198
1044.142 0.06398
1044.302 0.06377
1044.462 0.0633
1044.622 0.06338
1044.772 0.06476
1044.932 0.06444
1045.092 0.06402
1045.252 0.06418
1045.402 0.06528
1045.562 0.06455
1045.722 0.06441
1045.882 0.06249
1046.032 0.06161
1046.192 0.06118
1046.342 0.06322
1046.502 0.06299
1046.662 0.06236
1046.822 0.06237
1046.972 0.06395
1047.132 0.06361
1047.292 0.06316
1047.452 0.06314
1047.602 0.06437
1047.762 0.06402
1047.922 0.06394
1048.082 0.06207
1048.232 0.06149
1048.392 0.06112
1048.542 0.06318
1048.702 0.06308
1048.862 0.06251
1049.022 0.06248
1049.172 0.06418
1049.332 0.06383
1049.492 0.06345
1049.652 0.06367
1049.802 0.06492
1049.962 0.06463
1050.122 0.06449
1050.282 0.06278
1050.432 0.06222
1050.592 0.06192
1050.742 0.06391
1050.902 0.06361
1051.062 0.06296
1051.222 0.06282
1051.372 0.06451
1051.532 0.06411
1051.692 0.06374
1051.852 0.06395
1052.002 0.06502
1052.162 0.06474
1052.322 0.06451
1052.482 0.06465
1052.632 0.06575
1052.792 0.06544
1052.952 0.06549
1053.112 0.0636
1053.262 0.06308
1053.422 0.06277
1053.572 0.06458
1053.732 0.06445
1053.892 0.06373
1054.052 0.06397
1054.202 0.06536
1054.362 0.06491
1054.522 0.06463
1054.682 0.06478
1054.832 0.06606
1054.992 0.06584
1055.152 0.06576
1055.312 0.06386
1055.462 0.06314
1055.622 0.0628
1055.772 0.06467
1055.932 0.06464
1056.092 0.06418
1056.252 0.06446
1056.402 0.06588
1056.562 0.06551
1056.722 0.0653
1056.882 0.06545
1057.032 0.06672
1057.192 0.06645
1057.352 0.06646
1057.512 0.0646
1057.662 0.06386
1057.822 0.06345
1057.972 0.06528
1058.132 0.06497
1058.292 0.06443
1058.452 0.06447
1058.602 0.0658
1058.762 0.06553
1058.922 0.0656
1059.082 0.06589
1059.232 0.06702
1059.392 0.06667
1059.552 0.06656
1059.712 0.06463
1059.862 0.06405
1060.022 0.06382
1060.172 0.06578
1060.332 0.06571
1060.492 0.06524
1060.652 0.06529
1060.802 0.06696
1060.962 0.06676
1061.122 0.06647
1061.282 0.06661
1061.432 0.06763
1061.592 0.06735
1061.752 0.06707
1061.912 0.06521
1062.062 0.06453
1062.222 0.06427
1062.372 0.06603
1062.532 0.06588
1062.692 0.06518
1062.852 0.065
1063.002 0.0667
1063.162 0.0665
1063.322 0.06626
1063.482 0.06634
1063.632 0.06742
1063.792 0.06702
1063.952 0.06679
1064.112 0.06491
1064.262 0.06446
1064.422 0.06426
1064.582 0.06411
1064.742 0.06234
1064.892 0.0618
1065.052 0.06158
1065.202 0.06328
1065.362 0.06319
1065.522 0.06282
1065.682 0.06279
1065.832 0.06427
1065.992 0.06409
1066.152 0.06377
1066.312 0.06399
1066.462 0.06517
1066.622 0.06496
1066.782 0.06504
1066.942 0.06329
1067.092 0.0626
1067.252 0.06265
1067.402 0.06444
1067.562 0.06427
1067.722 0.06404
1067.882 0.06409
1068.032 0.06547
1068.192 0.06497
1068.352 0.06447
1068.512 0.06457
1068.662 0.0658
1068.822 0.06564
1068.982 0.06568
1069.142 0.0638
1069.292 0.06308
1069.452 0.06278
1069.602 0.06458
1069.762 0.06453
1069.922 0.06415
1070.082 0.0642
1070.232 0.06577
1070.392 0.06541
1070.552 0.06512
1070.712 0.06522
1070.862 0.06655
1071.022 0.06641
1071.182 0.06633
1071.342 0.0645
1071.492 0.06394
1071.652 0.0636
1071.802 0.06565
1071.962 0.06551
1072.122 0.06496
1072.282 0.06488
1072.432 0.0663
1072.592 0.06599
1072.752 0.06566
1072.912 0.06575
1073.062 0.06716
1073.222 0.06684
1073.382 0.06664
1073.542 0.06491
1073.692 0.06415
1073.852 0.0638
1074.012 0.06357
1074.172 0.0619
1074.322 0.06141
1074.482 0.06116
1074.632 0.06298
1074.792 0.06288
1074.952 0.0624
1075.112 0.0625
1075.262 0.06378
1075.422 0.06347
1075.582 0.06325
1075.742 0.06147
1075.892 0.06089
1076.052 0.06084
1076.212 0.0608
1076.372 0.05893
1076.522 0.05851
1076.682 0.05812
1076.832 0.06016
1076.992 0.06009
1077.152 0.05981
1077.312 0.05973
1077.462 0.0612
1077.622 0.06099
1077.782 0.06073
1077.942 0.06109
1078.092 0.06225
1078.252 0.062
1078.412 0.06188
1078.572 0.06003
1078.722 0.05952
1078.882 0.05911
1079.032 0.0611
1079.192 0.06088
1079.352 0.06043
1079.512 0.06044
1079.662 0.06189
1079.822 0.0617
1079.982 0.0612
1080.142 0.06151
1080.292 0.06266
1080.452 0.06255
1080.612 0.06256
1080.772 0.06067
1080.922 0.06009
1081.082 0.05957
1081.232 0.06147
1081.392 0.06152
1081.552 0.06134
1081.712 0.06136
1081.862 0.06301
1082.022 0.06274
1082.182 0.06244
1082.342 0.06257
1082.492 0.06397
1082.652 0.06384
1082.812 0.06391
1082.972 0.06203
1083.122 0.06148
1083.282 0.06111
1083.442 0.06095
1083.602 0.05923
1083.752 0.05893
1083.912 0.05881
1084.062 0.06043
1084.222 0.06017
1084.382 0.05978
1084.542 0.05996
1084.692 0.06124
1084.852 0.06103
1085.012 0.06101
1085.172 0.05884
1085.322 0.05833
1085.482 0.05809
1085.642 0.05795
1085.802 0.05631
1085.952 0.05609
1086.112 0.05591
1086.262 0.05763
1086.422 0.05746
1086.582 0.05717
1086.742 0.05732
1086.892 0.05857
1087.052 0.05836
1087.212 0.05827
1087.372 0.05848
1087.522 0.05954
1087.682 0.0592
1087.842 0.05914
1088.002 0.05723
1088.152 0.05695
1088.312 0.0568
1088.462 0.05867
1088.622 0.05865
1088.782 0.05826
1088.942 0.05831
1089.092 0.05996
1089.252 0.05996
1089.412 0.05971
1089.572 0.05997
1089.722 0.06123
1089.882 0.06089
1090.042 0.06092
1090.202 0.05881
1090.352 0.05839
1090.512 0.05808
1090.662 0.05993
1090.822 0.05993
1090.982 0.05953
1091.142 0.05952
1091.292 0.06094
1091.452 0.06078
1091.612 0.06057
1091.772 0.06082
1091.922 0.06211
1092.082 0.06184
1092.242 0.06195
1092.402 0.06003
1092.552 0.05955
1092.712 0.05926
1092.872 0.05922
1093.032 0.05755
1093.182 0.05717
1093.342 0.05718
1093.492 0.05862
1093.652 0.05852
1093.812 0.05825
1093.972 0.05846
1094.122 0.05978
1094.282 0.0597
1094.442 0.05971
1094.602 0.05773
1094.752 0.05733
1094.912 0.05682
1095.072 0.05681
1095.232 0.05515
1095.382 0.05477
1095.542 0.05466
1095.692 0.05643
1095.852 0.05643
1096.012 0.05611
1096.172 0.05635
1096.322 0.05778
1096.482 0.05764
1096.642 0.05755
1096.802 0.05771
1096.952 0.05893
1097.112 0.05848
1097.272 0.05844
1097.432 0.05677
1097.582 0.0564
1097.742 0.05626
1097.892 0.05797
1098.052 0.058
1098.212 0.05765
1098.372 0.05779
1098.522 0.05934
1098.682 0.05933
1098.842 0.05938
1099.002 0.05967
1099.152 0.06092
1099.312 0.06043
1099.472 0.06049
1099.632 0.05865
1099.782 0.05827
1099.942 0.05794
1100.092 0.05971
1100.252 0.05982
1100.412 0.05949
1100.572 0.05951
1100.722 0.06112
1100.882 0.06115
1101.042 0.06106
1101.202 0.06134
1101.352 0.06255
1101.512 0.06233
1101.672 0.06228
1101.832 0.06053
1101.982 0.06004
1102.142 0.06005
1102.302 0.06006
1102.462 0.05816
1102.612 0.05766
1102.772 0.05747
1102.922 0.05894
1103.082 0.05893
1103.242 0.05886
1103.402 0.05898
1103.552 0.06045
1103.712 0.06018
1103.872 0.06011
1104.032 0.05829
1104.182 0.0579
1104.342 0.05772
1104.502 0.05766
1104.662 0.05599
1104.812 0.0556
1104.972 0.05537
1105.122 0.05721
1105.282 0.05732
1105.442 0.05727
1105.602 0.05747
1105.752 0.05898
1105.912 0.05893
1106.072 0.05881
1106.232 0.05896
1106.382 0.0602
1106.542 0.06004
1106.702 0.06003
1106.862 0.05842
1107.012 0.05789
1107.172 0.05756
1107.322 0.05922
1107.482 0.05928
1107.642 0.05906
1107.802 0.05901
1107.952 0.0607
1108.112 0.06061
1108.272 0.06056
1108.432 0.06085
1108.582 0.06207
1108.742 0.06193
1108.902 0.06188
1109.062 0.06008
1109.212 0.05951
1109.372 0.05922
1109.522 0.06096
1109.682 0.06105
1109.842 0.06078
1110.002 0.06085
1110.152 0.06249
1110.312 0.06242
1110.472 0.06237
1110.632 0.06251
1110.782 0.06392
1110.942 0.06388
1111.102 0.0638
1111.262 0.06224
1111.412 0.06173
1111.572 0.06166
1111.732 0.06138
1111.892 0.05981
1112.042 0.05962
1112.202 0.05945
1112.352 0.06108
1112.512 0.06093
1112.672 0.0609
1112.832 0.06096
1112.982 0.06252
1113.142 0.06231
1113.302 0.06232
1113.462 0.06065
1113.612 0.05989
1113.772 0.05972
1113.932 0.05957
1114.092 0.05773
1114.242 0.05723
1114.402 0.05699
1114.552 0.05855
1114.712 0.05867
1114.872 0.05844
1115.032 0.05841
1115.182 0.05974
1115.342 0.05961
1115.502 0.05943
1115.662 0.05961
1115.812 0.06081
1115.972 0.06066
1116.132 0.06065
1116.292 0.05888
1116.442 0.05843
1116.602 0.05804
1116.752 0.05986
1116.912 0.05978
1117.072 0.05948
1117.232 0.0594
1117.382 0.06097
1117.542 0.06068
1117.702 0.06049
1117.862 0.06072
1118.012 0.06193
1118.172 0.06181
1118.332 0.06182
1118.492 0.05997
1118.642 0.05949
1118.802 0.0591
1118.962 0.05889
1119.122 0.05736
1119.272 0.05704
1119.432 0.05698
1119.582 0.05874
1119.742 0.05866
1119.902 0.05836
1120.062 0.05851
1120.212 0.05974
1120.372 0.05983
1120.532 0.06001
1120.692 0.05823
1120.842 0.058
1121.002 0.05774
1121.162 0.05784
1121.322 0.05635
1121.472 0.05606
1121.632 0.0561
1121.782 0.05777
1121.942 0.05793
1122.102 0.05777
1122.262 0.05794
1122.412 0.05939
1122.572 0.05958
1122.732 0.05978
1122.892 0.05769
1123.042 0.0574
1123.202 0.05742
1123.362 0.05731
1123.522 0.05572
1123.672 0.05572
1123.832 0.05577
1123.992 0.05571
1124.152 0.05423
1124.302 0.0541
1124.462 0.05417
1124.612 0.0558
1124.772 0.05624
1124.932 0.05641
1125.092 0.05662
1125.242 0.05835
1125.402 0.05844
1125.562 0.05826
1125.722 0.05649
1125.872 0.05676
1126.032 0.05705
1126.192 0.057
1126.352 0.05558
1126.502 0.0557
1126.662 0.05586
1126.812 0.05745
1126.972 0.05826
1127.132 0.05867
1127.292 0.05883
1127.442 0.06069
1127.602 0.06119
1127.762 0.06142
1127.922 0.05984
1128.072 0.0601
1128.232 0.0604
1128.392 0.06061
1128.552 0.05926
1128.702 0.05951
1128.862 0.05958
1129.022 0.05932
1129.182 0.05812
1129.332 0.05859
1129.492 0.05858
1129.642 0.06064
1129.802 0.06133
1129.962 0.06174
1130.122 0.05995
1130.272 0.06027
1130.432 0.06088
1130.592 0.06114
1130.752 0.05973
1130.902 0.06012
1131.062 0.0605
1131.222 0.06029
1131.382 0.05895
1131.532 0.05948
1131.692 0.05969
1131.852 0.05948
1132.012 0.05852
1132.162 0.05896
1132.322 0.05887
1132.472 0.06062
1132.632 0.06122
1132.792 0.06152
1132.952 0.05977
1133.102 0.06013
1133.262 0.06088
1133.422 0.06088
1133.582 0.05959
1133.732 0.05998
1133.892 0.06023
1134.052 0.06012
1134.212 0.05902
1134.362 0.05948
1134.522 0.05961
1134.672 0.06125
1134.832 0.06186
1134.992 0.06234
1135.152 0.06049
1135.302 0.06083
1135.462 0.06158
1135.622 0.06173
1135.782 0.06024
1135.932 0.06063
1136.092 0.06101
1136.252 0.06097
1136.412 0.05968
1136.562 0.06015
1136.722 0.06054
1136.882 0.06039
1137.042 0.05926
1137.192 0.05966
1137.352 0.05961
1137.502 0.06149
1137.662 0.06222
1137.822 0.06262
1137.982 0.06079
1138.132 0.06092
1138.292 0.06156
1138.452 0.06145
1138.612 0.05986
1138.762 0.06032
1138.922 0.06089
1139.082 0.06085
1139.242 0.05948
1139.392 0.0598
1139.552 0.05985
1139.702 0.06177
1139.862 0.06261
1140.022 0.06313
1140.182 0.06122
1140.332 0.06123
1140.492 0.06177
1140.652 0.06187
1140.812 0.06022
1140.962 0.06056
1141.122 0.06114
1141.282 0.06113
1141.442 0.05962
1141.592 0.06002
1141.752 0.0602
1141.912 0.06002
1142.072 0.05884
1142.222 0.05953
1142.382 0.05958
1142.532 0.06161
1142.692 0.06217
1142.852 0.06262
1143.012 0.06078
1143.162 0.06107
1143.322 0.06172
1143.482 0.06184
1143.642 0.06026
1143.792 0.06057
1143.952 0.06084
1144.112 0.06062
1144.272 0.05933
1144.422 0.05994
1144.582 0.06011
1144.742 0.06015
1144.902 0.05913
1145.052 0.05949
1145.212 0.05954
1145.362 0.0614
1145.522 0.0621
1145.682 0.06254
1145.842 0.06091
1145.992 0.06126
1146.152 0.06179
1146.312 0.06167
1146.472 0.06033
1146.622 0.06065
1146.782 0.06089
1146.942 0.06073
1147.102 0.05969
1147.252 0.06001
1147.412 0.06019
1147.562 0.06179
1147.722 0.0624
1147.882 0.0627
1148.042 0.06082
1148.192 0.06106
1148.352 0.06142
1148.512 0.0615
1148.672 0.0597
1148.822 0.05988
1148.982 0.06008
1149.142 0.05998
1149.302 0.0586
1149.452 0.05904
1149.612 0.05928
1149.772 0.05925
1149.932 0.05818
1150.082 0.05842
1150.242 0.05836
1150.392 0.06018
1150.552 0.06078
1150.712 0.06106
1150.872 0.05926
1151.022 0.05918
1151.182 0.05947
1151.342 0.05943
1151.502 0.0581
1151.652 0.05826
1151.812 0.05836
1151.972 0.05835
1152.132 0.05702
1152.282 0.05727
1152.442 0.0572
1152.592 0.05919
1152.752 0.05974
1152.912 0.06023
1153.072 0.05818
1153.222 0.05813
1153.382 0.05848
1153.542 0.05868
1153.702 0.05713
1153.852 0.05745
1154.012 0.05783
1154.172 0.05774
1154.332 0.05655
1154.482 0.05664
1154.642 0.05649
1154.802 0.05633
1154.962 0.05521
1155.112 0.05567
1155.272 0.0557
1155.422 0.05754
1155.582 0.05773
1155.742 0.05798
1155.902 0.056
1156.052 0.05623
1156.212 0.05664
1156.372 0.05661
1156.532 0.05501
1156.682 0.05505
1156.842 0.05519
1157.002 0.05499
1157.162 0.05369
1157.312 0.05415
1157.472 0.0542
1157.622 0.05615
1157.782 0.05656
1157.942 0.05679
1158.102 0.05684
1158.252 0.05854
1158.412 0.059
1158.572 0.05916
1158.732 0.05755
1158.882 0.05763
1159.042 0.05779
1159.202 0.05772
1159.362 0.05619
1159.512 0.05644
1159.672 0.05665
1159.832 0.05647
1159.992 0.05529
1160.142 0.05491
1160.302 0.05494
1160.452 0.05679
1160.612 0.05738
1160.772 0.05755
1160.932 0.05599
1161.082 0.05611
1161.242 0.05647
1161.402 0.05652
1161.562 0.05507
1161.712 0.05544
1161.872 0.05563
1162.032 0.05559
1162.192 0.05432
1162.342 0.0547
1162.502 0.05478
1162.652 0.05682
1162.812 0.05737
1162.972 0.05761
1163.132 0.05783
1163.282 0.05959
1163.442 0.06009
1163.602 0.06037
1163.762 0.05857
1163.912 0.05853
1164.072 0.05885
1164.232 0.05877
1164.392 0.05749
1164.542 0.05784
1164.702 0.05798
1164.862 0.0579
1165.022 0.05663
1165.172 0.05717
1165.332 0.057
1165.482 0.05903
1165.642 0.05966
1165.802 0.06019
1165.962 0.05827
1166.112 0.05839
1166.272 0.05873
1166.432 0.05881
1166.592 0.05722
1166.742 0.05761
1166.902 0.05799
1167.062 0.05789
1167.222 0.05647
1167.372 0.05672
1167.532 0.05675
1167.682 0.05849
1167.842 0.05917
1168.002 0.05978
1168.162 0.05981
1168.312 0.06154
1168.472 0.06111
1168.632 0.06129
1168.792 0.05972
1168.942 0.06008
1169.102 0.06057
1169.262 0.06084
1169.422 0.05943
1169.572 0.05968
1169.732 0.05977
1169.892 0.05957
1170.052 0.05852
1170.202 0.05899
1170.362 0.05913
1170.512 0.06106
1170.672 0.0616
1170.832 0.062
1170.992 0.05995
1171.142 0.06027
1171.302 0.06087
1171.462 0.06118
1171.622 0.05951
1171.772 0.05983
1171.932 0.06026
1172.092 0.06003
1172.252 0.05881
1172.402 0.05929
1172.562 0.05944
1172.722 0.05946
1172.882 0.05836
1173.032 0.05877
1173.192 0.05872
1173.342 0.06061
1173.502 0.0619
1173.662 0.06229
1173.822 0.06053
1173.972 0.0608
1174.132 0.06131
1174.292 0.06117
1174.452 0.0598
1174.602 0.06029
1174.762 0.06074
1174.922 0.06053
1175.082 0.05948
1175.232 0.06001
1175.392 0.06013
1175.542 0.0621
1175.702 0.06279
1175.862 0.0632
1176.022 0.06114
1176.172 0.06128
1176.332 0.0619
1176.492 0.06186
1176.652 0.06017
1176.802 0.06064
1176.962 0.06108
1177.122 0.06113
1177.282 0.06013
1177.432 0.06064
1177.592 0.061
1177.752 0.06095
1177.912 0.05985
1178.062 0.06043
1178.222 0.06026
1178.372 0.06236
1178.532 0.06301
1178.692 0.06354
1178.852 0.06149
1179.002 0.06187
1179.162 0.06221
1179.322 0.0623
1179.482 0.06095
1179.632 0.06135
1179.792 0.06186
1179.952 0.06197
1180.112 0.06065
1180.262 0.06118
1180.422 0.06131
1180.582 0.0612
1180.742 0.06032
1180.892 0.06096
1181.052 0.05885
1181.202 0.05916
1181.362 0.05979
1181.522 0.06026
1181.682 0.0587
1181.832 0.05992
1181.992 0.06061
1182.152 0.06059
1182.312 0.05925
1182.462 0.05975
1182.622 0.05984
1182.782 0.05956
1182.942 0.05848
1183.092 0.0591
1183.252 0.05927
1183.402 0.06122
1183.562 0.06194
1183.722 0.0624
1183.882 0.06066
1184.032 0.06093
1184.192 0.06176
1184.352 0.06211
1184.512 0.06039
1184.662 0.0609
1184.822 0.06126
1184.982 0.06115
1185.142 0.0599
1185.292 0.06034
1185.452 0.06066
1185.612 0.06064
1185.772 0.0596
1185.922 0.06015
1186.082 0.06005
1186.232 0.06213
1186.392 0.06305
1186.552 0.06356
1186.712 0.06176
1186.862 0.06218
1187.022 0.06276
1187.182 0.06269
1187.342 0.06133
1187.492 0.06195
1187.652 0.06252
1187.812 0.06257
1187.972 0.06137
1188.122 0.0619
1188.282 0.06197
1188.432 0.06362
1188.592 0.06443
1188.752 0.06514
1188.912 0.06318
1189.062 0.06367
1189.222 0.06445
1189.382 0.06465
1189.542 0.06309
1189.692 0.0637
1189.852 0.06447
1190.012 0.06452
1190.172 0.06318
1190.322 0.06369
1190.482 0.06387
1190.642 0.06368
1190.802 0.06255
1190.952 0.06318
1191.112 0.0633
1191.262 0.06522
1191.422 0.06588
1191.582 0.06637
1191.742 0.06437
1191.892 0.06494
1192.052 0.0656
1192.212 0.06591
1192.372 0.06416
1192.522 0.06459
1192.682 0.06504
1192.842 0.06491
1193.002 0.06367
1193.152 0.06422
1193.312 0.06432
1193.472 0.06428
1193.632 0.06329
1193.782 0.06376
1193.942 0.06377
1194.092 0.06566
1194.252 0.06633
1194.412 0.06681
1194.572 0.06496
1194.722 0.06522
1194.882 0.06568
1195.042 0.06562
1195.202 0.06421
1195.352 0.06463
1195.512 0.06503
1195.672 0.06491
1195.832 0.06393
1195.982 0.0645
1196.142 0.06463
1196.292 0.06666
1196.452 0.06741
1196.612 0.06797
1196.772 0.06602
1196.922 0.06628
1197.082 0.06705
1197.242 0.06706
1197.402 0.06544
1197.552 0.06578
1197.712 0.06629
1197.872 0.06626
1198.032 0.06496
1198.182 0.06527
1198.342 0.06563
1198.502 0.0656
1198.662 0.0646
1198.812 0.0652
1198.972 0.06504
1199.122 0.0671
1199.282 0.06792
1199.442 0.06835
1199.602 0.06632
1199.752 0.06652
1199.912 0.06713
1200.072 0.06713
1200.232 0.06571
1200.382 0.06616
1200.542 0.0667
1200.702 0.06647
1200.862 0.06526
1201.012 0.06569
1201.172 0.06569
1201.332 0.0656
1201.492 0.06455
1201.642 0.06512
1201.802 0.06322
1201.952 0.06337
1202.112 0.06397
1202.272 0.06428
1202.432 0.06245
1202.582 0.06271
1202.742 0.0634
1202.902 0.06334
1203.062 0.0617
1203.212 0.06197
1203.372 0.06232
1203.532 0.06205
1203.692 0.06082
1203.842 0.06147
1204.002 0.06173
1204.152 0.06384
1204.312 0.06447
1204.472 0.06495
1204.632 0.06319
1204.782 0.06351
1204.942 0.06415
1205.102 0.06439
1205.262 0.06252
1205.412 0.06294
1205.572 0.06323
1205.732 0.06316
1205.892 0.06209
1206.042 0.06266
1206.202 0.06304
1206.362 0.06305
1206.522 0.06183
1206.672 0.06227
1206.832 0.06222
1206.982 0.06422
1207.142 0.06503
1207.302 0.06566
1207.462 0.06377
1207.612 0.06402
1207.772 0.06453
1207.932 0.06462
1208.092 0.06331
1208.242 0.06386
1208.402 0.06442
1208.562 0.06428
1208.722 0.06302
1208.872 0.06344
1209.032 0.06354
1209.192 0.06329
1209.352 0.0624
1209.502 0.06309
1209.662 0.06105
1209.812 0.06135
1209.972 0.06186
1210.132 0.06215
1210.292 0.06037
1210.442 0.06073
1210.602 0.06142
1210.762 0.06152
1210.922 0.06003
1211.072 0.06041
1211.232 0.06072
1211.392 0.06041
1211.552 0.05943
1211.702 0.06005
1211.862 0.06018
1212.012 0.06214
1212.172 0.06272
1212.332 0.06322
1212.492 0.0611
1212.642 0.06131
1212.802 0.06207
1212.962 0.06249
1213.122 0.06089
1213.272 0.0613
1213.432 0.0618
1213.592 0.06152
1213.752 0.06025
1213.902 0.06074
1214.062 0.06111
1214.222 0.06084
1214.382 0.05974
1214.532 0.06026
1214.692 0.06026
1214.842 0.06227
1215.002 0.06299
1215.162 0.06351
1215.322 0.06183
1215.472 0.06214
1215.632 0.06274
1215.792 0.06259
1215.952 0.0612
1216.102 0.06163
1216.262 0.06205
1216.422 0.06193
1216.582 0.0609
1216.732 0.06131
1216.892 0.06152
1217.042 0.06361
1217.202 0.06445
1217.362 0.06479
1217.522 0.06283
1217.672 0.06309
1217.832 0.06367
1217.992 0.06382
1218.152 0.06199
1218.302 0.06243
1218.462 0.06294
1218.622 0.06301
1218.782 0.06162
1218.932 0.06224
1219.092 0.06275
1219.252 0.06249
1219.412 0.06132
1219.562 0.06166
1219.722 0.06153
1219.872 0.06345
1220.032 0.06416
1220.192 0.0647
1220.352 0.0626
1220.502 0.0628
1220.662 0.06314
1220.822 0.06334
1220.982 0.06179
1221.132 0.06224
1221.292 0.06278
1221.452 0.06273
1221.612 0.06128
1221.762 0.06175
1221.922 0.06187
1222.082 0.06186
1222.242 0.06093
1222.392 0.06166
1222.552 0.06167
1222.702 0.06347
1222.862 0.06408
1223.022 0.06442
1223.182 0.06264
1223.332 0.06307
1223.492 0.06361
1223.652 0.06379
1223.812 0.06213
1223.962 0.06243
1224.122 0.06255
1224.282 0.06239
1224.442 0.06117
1224.592 0.06169
1224.752 0.06193
1224.902 0.0639
1225.062 0.06458
1225.222 0.06483
1225.382 0.06283
1225.532 0.06304
1225.692 0.06374
1225.852 0.06411
1226.012 0.06249
1226.162 0.06278
1226.322 0.06303
1226.482 0.06288
1226.642 0.06149
1226.792 0.06199
1226.952 0.0623
1227.112 0.0622
1227.272 0.06106
1227.422 0.06138
1227.582 0.06148
1227.732 0.0634
1227.892 0.06412
1228.052 0.0646
1228.212 0.06283
1228.362 0.063
1228.522 0.06346
1228.682 0.06337
1228.842 0.06184
1228.992 0.06215
1229.152 0.06256
1229.312 0.06233
1229.472 0.0611
1229.622 0.06137
1229.782 0.06171
1229.932 0.06338
1230.092 0.06437
1230.252 0.06465
1230.412 0.06257
1230.562 0.06259
1230.722 0.06317
1230.882 0.06339
1231.042 0.0616
1231.192 0.06184
1231.352 0.06233
1231.512 0.06227
1231.672 0.06103
1231.822 0.06133
1231.982 0.06169
1232.142 0.06148
1232.302 0.06041
1232.452 0.06068
1232.612 0.06066
1232.762 0.06255
1232.922 0.06333
1233.082 0.0639
1233.242 0.06208
1233.392 0.06216
1233.552 0.06263
1233.712 0.06282
1233.872 0.0614
1234.022 0.06182
1234.182 0.06236
1234.342 0.0622
1234.502 0.06097
1234.652 0.06111
1234.812 0.06109
1234.962 0.06319
1235.122 0.06377
1235.282 0.06435
1235.442 0.06428
1235.592 0.06605
1235.752 0.06648
1235.912 0.06669
1236.072 0.06503
1236.222 0.06535
1236.382 0.06585
1236.542 0.06592
1236.702 0.06443
1236.852 0.06482
1237.012 0.06498
1237.172 0.0649
1237.332 0.06371
1237.482 0.0643
1237.642 0.06445
1237.792 0.06649
1237.952 0.06709
1238.112 0.06727
1238.272 0.06521
1238.422 0.06544
1238.582 0.06617
1238.742 0.06639
1238.902 0.06485
1239.052 0.06522
1239.212 0.06555
1239.372 0.0654
1239.532 0.06411
1239.682 0.06452
1239.842 0.0648
1240.002 0.06461
1240.162 0.06348
1240.312 0.0639
1240.472 0.0639
1240.622 0.0657
1240.782 0.06644
1240.942 0.06675
1241.102 0.06511
1241.252 0.0653
1241.412 0.0657
1241.572 0.06566
1241.732 0.06415
1241.882 0.06441
1242.042 0.06478
1242.202 0.06464
1242.362 0.06344
1242.512 0.06392
1242.672 0.06415
1242.822 0.06599
1242.982 0.06676
1243.142 0.06702
1243.302 0.06519
1243.452 0.06512
1243.612 0.06587
1243.772 0.06628
1243.932 0.06456
1244.082 0.06476
1244.242 0.06499
1244.402 0.06494
1244.562 0.06371
1244.712 0.06409
1244.872 0.06455
1245.032 0.06438
1245.192 0.06337
1245.342 0.06356
1245.502 0.06358
1245.652 0.06551
1245.812 0.06624
1245.972 0.06681
1246.132 0.06491
1246.282 0.06498
1246.442 0.06537
1246.602 0.06538
1246.762 0.06398
1246.912 0.06435
1247.072 0.06477
1247.232 0.0646
1247.392 0.06327
1247.542 0.06344
1247.702 0.06364
1247.852 0.06548
1248.012 0.06613
1248.172 0.0667
1248.332 0.06456
1248.482 0.06455
1248.642 0.06497
1248.802 0.06516
1248.962 0.06348
1249.112 0.06371
1249.272 0.06416
1249.432 0.06404
1249.592 0.06238
1249.742 0.06254
1249.902 0.06276
1250.062 0.06268
1250.222 0.06146
1250.372 0.06181
1250.532 0.06192
1250.682 0.06387
1250.842 0.06428
1251.002 0.06453
1251.162 0.06249
1251.312 0.06264
1251.472 0.0633
1251.632 0.06351
1251.792 0.06184
1251.942 0.06197
1252.102 0.06235
1252.262 0.0622
1252.422 0.06074
1252.572 0.06106
1252.732 0.06112
1252.882 0.06296
1253.042 0.06351
1253.202 0.06385
1253.362 0.06394
1253.512 0.0657
1253.672 0.06621
1253.832 0.06644
1253.992 0.06476
1254.142 0.06489
1254.302 0.06537
1254.462 0.0655
1254.622 0.06403
1254.772 0.06434
1254.932 0.06453
1255.092 0.06457
1255.252 0.06344
1255.402 0.06382
1255.562 0.06385
1255.712 0.06565
1255.872 0.06618
1256.032 0.06638
1256.192 0.06456
1256.342 0.06477
1256.502 0.06531
1256.662 0.0654
1256.822 0.06373
1256.972 0.06395
1257.132 0.06421
1257.292 0.06416
1257.452 0.06291
1257.602 0.0633
1257.762 0.06354
1257.922 0.06332
1258.082 0.06211
1258.232 0.06236
1258.392 0.0623
1258.542 0.06394
1258.702 0.06443
1258.862 0.06478
1259.022 0.06295
1259.172 0.06286
1259.332 0.06331
1259.492 0.06334
1259.652 0.06179
1259.802 0.06217
1259.962 0.06243
1260.122 0.06224
1260.282 0.06105
1260.432 0.06126
1260.592 0.06125
1260.742 0.06308
1260.902 0.06358
1261.062 0.0639
1261.222 0.06201
1261.372 0.06235
1261.532 0.06272
1261.692 0.06291
1261.852 0.06124
1262.002 0.06161
1262.162 0.06203
1262.322 0.06182
1262.482 0.06049
1262.632 0.06079
1262.792 0.06111
1262.952 0.06103
1263.112 0.06006
1263.262 0.06022
1263.422 0.06016
1263.572 0.06223
1263.732 0.06283
1263.892 0.06309
1264.052 0.06125
1264.202 0.0615
1264.362 0.06197
1264.522 0.06218
1264.682 0.06063
1264.832 0.06082
1264.992 0.06125
1265.152 0.06128
1265.312 0.06009
1265.462 0.06036
1265.622 0.06037
1265.772 0.06225
1265.932 0.063
1266.092 0.06357
1266.252 0.06153
1266.402 0.06152
1266.562 0.06204
1266.722 0.06224
1266.882 0.06065
1267.032 0.06096
1267.192 0.06151
1267.352 0.06151
1267.512 0.06018
1267.662 0.06047
1267.822 0.06033
1267.982 0.0603
1268.142 0.05904
1268.292 0.05953
1268.452 0.05956
1268.602 0.06143
1268.762 0.06212
1268.922 0.06239
1269.082 0.06065
1269.232 0.06093
1269.392 0.06159
1269.552 0.06158
1269.712 0.06001
1269.862 0.06047
1270.022 0.06078
1270.182 0.06066
1270.342 0.05934
1270.492 0.05968
1270.652 0.05978
1270.802 0.06158
1270.962 0.06228
1271.122 0.06248
1271.282 0.06246
1271.432 0.06434
1271.592 0.06496
1271.752 0.06526
1271.912 0.06355
1272.062 0.06386
1272.222 0.06445
1272.382 0.06423
1272.542 0.06304
1272.692 0.0632
1272.852 0.06356
1273.012 0.06363
1273.172 0.06237
1273.322 0.06275
1273.482 0.06288
1273.632 0.06454
1273.792 0.06522
1273.952 0.06571
1274.112 0.06385
1274.262 0.06405
1274.422 0.06457
1274.582 0.06461
1274.742 0.0628
1274.892 0.06307
1275.052 0.06354
1275.212 0.06348
1275.372 0.06214
1275.522 0.06252
1275.682 0.06287
1275.842 0.06273
1276.002 0.06179
1276.152 0.06206
1276.312 0.06224
1276.462 0.06394
1276.622 0.06464
1276.782 0.06488
1276.942 0.06283
1277.092 0.06288
1277.252 0.06338
1277.412 0.06333
1277.572 0.06197
1277.722 0.06223
1277.882 0.06245
1278.042 0.06231
1278.202 0.06115
1278.352 0.06125
1278.512 0.06108
1278.662 0.06304
1278.822 0.0639
1278.982 0.06429
1279.142 0.06234
1279.292 0.06222
1279.452 0.06261
1279.612 0.06277
1279.772 0.06152
1279.922 0.06173
1280.082 0.06219
1280.242 0.06204
1280.402 0.06071
1280.552 0.06087
1280.712 0.06087
1280.862 0.0628
1281.022 0.06343
1281.182 0.06389
1281.342 0.06383
1281.492 0.06582
1281.652 0.06625
1281.812 0.06646
1281.972 0.06482
1282.122 0.06493
1282.282 0.06545
1282.442 0.06546
1282.602 0.06385
1282.752 0.06397
1282.912 0.06415
1283.072 0.06387
1283.232 0.06234
1283.382 0.06273
1283.542 0.06287
1283.692 0.0647
1283.852 0.06528
1284.012 0.06548
1284.172 0.06361
1284.322 0.06367
1284.482 0.06437
1284.642 0.06478
1284.802 0.06318
1284.952 0.06319
1285.112 0.06348
1285.272 0.06347
1285.432 0.06207
1285.582 0.06228
1285.742 0.06257
1285.902 0.06233
1286.062 0.0612
1286.212 0.06137
1286.372 0.06121
1286.522 0.06311
1286.682 0.06372
1286.842 0.06409
1287.002 0.06236
1287.152 0.06243
1287.312 0.0628
1287.472 0.06276
1287.632 0.06142
1287.782 0.06162
1287.942 0.06187
1288.102 0.06183
1288.262 0.06039
1288.412 0.06056
1288.572 0.06074
1288.722 0.06256
1288.882 0.06318
1289.042 0.06341
1289.202 0.0634
1289.352 0.06508
1289.512 0.06551
1289.672 0.06552
1289.832 0.06386
1289.982 0.06395
1290.142 0.06434
1290.302 0.06449
1290.462 0.06327
1290.612 0.06348
1290.772 0.06377
1290.932 0.06354
1291.092 0.06258
1291.252 0.06311
1291.402 0.06313
1291.552 0.06506
1291.712 0.06563
1291.872 0.06583
1292.032 0.06379
1292.182 0.06353
1292.342 0.06395
1292.502 0.06408
1292.662 0.06276
1292.812 0.06286
1292.972 0.06329
1293.132 0.06293
1293.292 0.06165
1293.442 0.06181
1293.602 0.06174
1293.762 0.06155
1293.912 0.06209
1294.072 0.06249
1294.232 0.06043
1294.382 0.06054
1294.542 0.06097
1294.702 0.061
1294.862 0.05927
1295.012 0.05944
1295.172 0.0597
1295.332 0.05935
1295.492 0.05784
1295.642 0.05805
1295.802 0.05811
1295.952 0.06013
1296.112 0.06075
1296.272 0.06108
1296.432 0.06123
1296.582 0.0632
1296.742 0.06361
1296.902 0.06363
1297.062 0.0618
1297.212 0.06175
1297.372 0.06242
1297.532 0.06244
1297.692 0.06092
1297.842 0.06097
1298.002 0.06087
1298.162 0.06067
1298.322 0.05948
1298.472 0.05971
1298.632 0.05981
1298.782 0.06177
1298.942 0.06212
1299.102 0.06222
1299.262 0.06249
1299.412 0.0645
1299.572 0.06493
1299.732 0.06518
1299.892 0.0636
1300.042 0.06355
1300.202 0.06369
1300.362 0.06359
1300.522 0.0623
1300.672 0.06241
1300.832 0.06258
1300.982 0.06431
1301.142 0.06476
1301.302 0.06486
1301.462 0.06494
1301.612 0.06687
1301.772 0.06737
1301.932 0.06751
1302.092 0.06576
1302.252 0.06427
1302.402 0.06436
1302.562 0.06424
1302.722 0.06265
1302.882 0.06194
1303.032 0.06219
1303.192 0.06205
1303.352 0.06075
1303.512 0.06087
1303.662 0.06066
1303.812 0.06249
1303.972 0.06277
1304.132 0.06287
1304.292 0.06293
1304.442 0.06447
1304.602 0.06447
1304.762 0.06456
1304.922 0.06263
1305.072 0.06277
1305.232 0.06307
1305.392 0.06299
1305.552 0.06176
1305.702 0.06173
1305.862 0.06175
1306.012 0.06354
1306.172 0.06393
1306.332 0.06398
1306.492 0.06405
1306.642 0.06572
1306.802 0.06594
1306.962 0.06623
1307.122 0.06619
1307.272 0.06627
1307.432 0.06644
1307.592 0.06638
1307.752 0.06463
1307.902 0.06454
1308.062 0.06481
1308.222 0.06458
1308.382 0.0631
1308.532 0.06318
1308.692 0.06316
1308.842 0.06482
1309.002 0.06505
1309.162 0.06523
1309.322 0.06312
1309.472 0.06297
1309.632 0.06325
1309.792 0.06321
1309.952 0.06151
1310.102 0.06141
1310.262 0.06179
1310.422 0.06169
1310.582 0.06015
1310.732 0.06014
1310.892 0.06007
1311.042 0.06183
1311.202 0.06215
1311.362 0.06236
1311.522 0.06228
1311.672 0.0641
1311.832 0.06435
1311.992 0.06436
1312.152 0.06262
1312.302 0.06258
1312.462 0.06288
1312.622 0.0627
1312.782 0.06091
1312.932 0.06089
1313.092 0.06083
1313.252 0.06053
1313.412 0.05928
1313.562 0.05938
1313.722 0.05935
1313.882 0.05905
1314.032 0.05934
1314.192 0.05945
1314.352 0.05764
1314.512 0.0561
1314.662 0.0565
1314.822 0.0567
1314.982 0.05503
1315.132 0.05497
1315.292 0.05505
1315.452 0.05495
1315.612 0.05485
1315.762 0.0551
1315.922 0.05531
1316.072 0.05715
1316.232 0.05847
1316.392 0.0583
1316.552 0.05855
1316.702 0.0602
1316.862 0.06051
1317.022 0.06078
1317.182 0.059
1317.332 0.059
1317.492 0.05917
1317.652 0.05911
1317.812 0.05762
1317.962 0.05775
1318.122 0.05798
1318.282 0.05789
1318.442 0.05649
1318.592 0.05646
1318.752 0.05645
1318.902 0.05809
1319.062 0.05855
1319.222 0.05875
1319.382 0.05688
1319.532 0.05677
1319.692 0.05699
1319.852 0.05694
1320.012 0.05521
1320.162 0.05531
1320.322 0.05545
1320.482 0.05548
1320.642 0.05404
1320.792 0.0541
1320.952 0.0542
1321.102 0.05608
1321.262 0.05656
1321.422 0.0567
1321.582 0.05685
1321.732 0.05854
1321.892 0.0589
1322.052 0.05914
1322.212 0.05745
1322.362 0.05749
1322.522 0.0577
1322.682 0.05765
1322.842 0.05624
1323.002 0.05597
1323.152 0.05612
1323.302 0.05773
1323.462 0.05804
1323.622 0.05806
1323.782 0.05803
1323.932 0.05978
1324.092 0.06006
1324.252 0.06037
1324.412 0.05841
1324.562 0.05833
1324.722 0.05783
1324.882 0.05788
1325.042 0.05608
1325.192 0.05605
1325.352 0.05638
1325.512 0.05621
1325.672 0.05478
1325.822 0.05481
1325.982 0.05472
1326.132 0.05641
1326.292 0.05681
1326.452 0.05715
1326.612 0.05711
1326.762 0.05871
1326.922 0.05904
1327.082 0.05915
1327.242 0.0594
1327.392 0.05937
1327.552 0.05974
1327.712 0.05963
1327.872 0.05962
1328.022 0.0595
1328.182 0.05943
1328.332 0.06124
1328.492 0.06164
1328.652 0.06196
1328.812 0.06181
1328.962 0.06369
1329.122 0.06401
1329.282 0.06395
1329.442 0.06214
1329.592 0.06195
1329.752 0.06253
1329.912 0.06243
1330.072 0.06089
1330.222 0.06085
1330.382 0.06105
1330.542 0.06085
1330.702 0.05958
1330.852 0.05973
1331.012 0.05967
1331.162 0.06142
1331.322 0.06188
1331.482 0.06185
1331.642 0.062
1331.792 0.06365
1331.952 0.06407
1332.112 0.06429
1332.272 0.06267
1332.422 0.06264
1332.582 0.06282
1332.742 0.06264
1332.902 0.06115
1333.052 0.06122
1333.212 0.06142
1333.362 0.06353
1333.522 0.06408
1333.682 0.06422
1333.842 0.06424
1334.002 0.06411
1334.152 0.0647
1334.312 0.06475
1334.472 0.06302
1334.632 0.06178
1334.782 0.06207
1334.942 0.06211
1335.102 0.06062
1335.262 0.06005
1335.412 0.06009
1335.572 0.05996
1335.732 0.05866
1335.882 0.05891
1336.042 0.05906
1336.192 0.06083
1336.352 0.06163
1336.512 0.0618
1336.672 0.06011
1336.822 0.06021
1336.982 0.06069
1337.142 0.06101
1337.302 0.05944
1337.452 0.05933
1337.612 0.05956
1337.772 0.05952
1337.932 0.05816
1338.082 0.05912
1338.242 0.05938
1338.392 0.0613
1338.552 0.06192
1338.712 0.06197
1338.872 0.06189
1339.022 0.06376
1339.182 0.06431
1339.342 0.06473
1339.502 0.063
1339.652 0.06308
1339.812 0.06334
1339.972 0.0633
1340.132 0.06182
1340.282 0.06197
1340.442 0.06226
1340.602 0.06207
1340.762 0.0608
1340.912 0.0609
1341.072 0.06093
1341.222 0.06273
1341.382 0.06333
1341.542 0.06369
1341.702 0.06172
1341.852 0.06169
1342.012 0.06198
1342.172 0.06219
1342.332 0.06033
1342.482 0.0604
1342.642 0.06094
1342.802 0.06093
1342.962 0.05965
1343.112 0.05971
1343.272 0.0598
1343.422 0.06169
1343.582 0.06228
1343.742 0.06242
1343.902 0.06235
1344.052 0.06409
1344.212 0.06462
1344.372 0.06498
1344.532 0.06318
1344.682 0.0632
1344.842 0.0637
1345.002 0.06356
1345.162 0.06226
1345.312 0.06237
1345.472 0.06265
1345.632 0.0624
1345.792 0.06106
1345.942 0.06128
1346.102 0.06126
1346.262 0.06127
1346.412 0.06178
1346.572 0.06199
1346.732 0.0599
1346.882 0.05987
1347.042 0.06022
1347.202 0.06022
1347.362 0.06034
1347.512 0.06034
1347.672 0.06083
1347.832 0.06065
1347.992 0.06036
1348.142 0.06049
1348.302 0.06046
1348.452 0.06237
1348.612 0.0634
1348.772 0.06367
1348.932 0.06365
1349.082 0.06534
1349.242 0.06565
1349.402 0.06561
1349.562 0.06383
1349.712 0.06385
1349.872 0.0643
1350.032 0.06426
1350.192 0.06281
1350.342 0.06287
1350.502 0.06284
1350.662 0.06264
1350.822 0.06146
1350.972 0.06161
1351.132 0.06174
1351.282 0.0636
1351.442 0.06413
1351.602 0.06411
1351.762 0.06216
1351.912 0.06203
1352.072 0.06248
1352.232 0.06261
1352.392 0.06097
1352.542 0.06086
1352.702 0.06085
1352.862 0.06066
1353.022 0.05917
1353.172 0.0593
1353.332 0.05943
1353.482 0.06128
1353.642 0.06171
1353.802 0.06176
1353.962 0.06171
1354.112 0.06359
1354.272 0.0642
1354.432 0.06428
1354.592 0.06273
1354.752 0.0617
1354.902 0.06183
1355.062 0.06174
1355.222 0.06018
1355.382 0.05988
1355.532 0.06005
1355.692 0.06002
1355.852 0.05888
1356.012 0.05924
1356.162 0.0591
1356.312 0.0608
1356.472 0.06128
1356.632 0.06151
1356.792 0.05959
1356.942 0.05952
1357.102 0.05988
1357.262 0.0599
1357.422 0.05823
1357.572 0.05818
1357.732 0.05837
1357.882 0.06044
1358.042 0.06103
1358.202 0.06096
1358.362 0.06115
1358.512 0.06288
1358.672 0.06339
1358.832 0.06353
1358.992 0.0636
1359.142 0.06535
1359.302 0.06571
1359.462 0.06604
1359.622 0.06618
1359.772 0.06624
1359.932 0.06649
1360.092 0.06642
1360.252 0.06497
1360.402 0.06509
1360.562 0.06529
1360.722 0.06517
1360.882 0.06382
1361.032 0.06384
1361.192 0.06383
1361.342 0.06586
1361.502 0.06629
1361.662 0.06646
1361.822 0.06444
1361.972 0.06451
1362.132 0.06483
1362.292 0.06485
1362.452 0.06334
1362.602 0.06343
1362.762 0.06383
1362.922 0.06358
1363.082 0.06219
1363.232 0.0621
1363.392 0.06192
1363.542 0.06372
1363.702 0.0641
1363.862 0.06423
1364.022 0.06426
1364.172 0.06594
1364.332 0.06629
1364.492 0.06626
1364.652 0.06455
1364.802 0.06435
1364.962 0.06479
1365.122 0.0647
1365.282 0.06328
1365.432 0.06326
1365.592 0.06323
1365.752 0.06295
1365.912 0.0618
1366.062 0.0621
1366.222 0.06211
1366.382 0.06211
1366.532 0.06259
1366.692 0.06267
1366.852 0.06096
1367.012 0.05944
1367.162 0.05992
1367.322 0.06002
1367.482 0.0583
1367.632 0.05806
1367.792 0.05829
1367.952 0.05792
1368.112 0.05768
1368.262 0.05795
1368.422 0.05808
1368.572 0.05999
1368.732 0.06082
1368.892 0.06076
1369.052 0.0609
1369.202 0.0625
1369.362 0.0627
1369.522 0.06294
1369.682 0.0614
1369.832 0.06146
1369.992 0.06167
1370.152 0.06161
1370.312 0.06027
1370.462 0.06044
1370.622 0.06066
1370.772 0.06265
1370.932 0.06309
1371.092 0.06315
1371.252 0.06095
1371.402 0.06071
1371.562 0.06124
1371.722 0.06147
1371.882 0.05947
1372.032 0.05949
1372.192 0.05966
1372.352 0.05953
1372.512 0.05808
1372.662 0.05825
1372.822 0.05839
1372.982 0.05822
1373.142 0.05693
1373.292 0.057
1373.452 0.05697
1373.602 0.05879
1373.762 0.05924
1373.922 0.05947
1374.082 0.05949
1374.232 0.0612
1374.392 0.06153
1374.542 0.06357
1374.702 0.06384
1374.862 0.064
1375.022 0.06438
1375.182 0.06428
1375.342 0.06308
1375.502 0.0628
1375.652 0.063
1375.802 0.065
1375.962 0.06556
1376.122 0.06566
1376.282 0.06575
1376.432 0.06735
1376.592 0.06781
1376.752 0.06803
1376.912 0.06624
1377.062 0.06641
1377.222 0.06678
1377.382 0.06675
1377.542 0.0653
1377.692 0.06526
1377.852 0.06549
1378.012 0.06529
1378.172 0.064
1378.322 0.06405
1378.482 0.06416
1378.632 0.06602
1378.792 0.06658
1378.952 0.06681
1379.112 0.06701
1379.262 0.06872
1379.422 0.06897
1379.582 0.0691
1379.742 0.0694
1379.892 0.0693
1380.052 0.06962
1380.212 0.06933
1380.372 0.06925
1380.522 0.06929
1380.682 0.06929
1380.832 0.07107
1380.992 0.07163
1381.152 0.07184
1381.312 0.07181
1381.462 0.07357
1381.622 0.07382
1381.782 0.07404
1381.942 0.07236
1382.092 0.07217
1382.252 0.07264
1382.412 0.07271
1382.572 0.07103
1382.722 0.07085
1382.882 0.07086
1383.042 0.07044
1383.202 0.06911
1383.352 0.06922
1383.512 0.06929
1383.662 0.07095
1383.822 0.07112
1383.982 0.07114
1384.142 0.0692
1384.292 0.0691
1384.452 0.06944
1384.612 0.06964
1384.772 0.06789
1384.922 0.06783
1385.082 0.0678
1385.242 0.06768
1385.402 0.06612
1385.552 0.06628
1385.712 0.06644
1385.862 0.06822
1386.022 0.06843
1386.182 0.06842
1386.342 0.06857
1386.502 0.06847
1386.652 0.06874
1386.812 0.069
1386.972 0.06699
1387.132 0.06591
1387.282 0.06602
1387.442 0.06594
1387.602 0.06435
1387.762 0.06391
1387.912 0.06207
1388.072 0.05983
1388.232 0.05831
1388.382 0.05813
1388.542 0.05828
1388.692 0.05973
1388.852 0.06046
1389.012 0.06068
1389.172 0.0586
1389.322 0.05832
1389.482 0.0585
1389.642 0.05847
1389.802 0.05685
1389.952 0.05689
1390.112 0.05715
1390.272 0.05698
1390.432 0.0553
1390.582 0.05528
1390.742 0.05539
1390.892 0.05715
1391.052 0.05755
1391.212 0.05775
1391.372 0.05782
1391.522 0.0594
1391.682 0.05967
1391.842 0.05963
1392.002 0.05769
1392.152 0.05762
1392.312 0.05781
1392.472 0.05785
1392.632 0.05621
1392.782 0.05629
1392.942 0.05644
1393.092 0.05822
1393.252 0.05858
1393.412 0.05877
1393.572 0.05876
1393.722 0.06056
1393.882 0.0609
1394.042 0.06108
1394.202 0.05921
1394.352 0.05905
1394.512 0.05923
1394.672 0.05934
1394.832 0.05756
1394.982 0.05752
1395.142 0.05754
1395.302 0.05728
1395.462 0.056
1395.612 0.056
1395.772 0.05576
1395.922 0.05766
1396.082 0.0581
1396.242 0.05822
1396.402 0.05821
1396.552 0.05992
1396.712 0.0602
1396.872 0.06013
1397.032 0.05844
1397.182 0.05853
1397.342 0.05887
1397.502 0.05874
1397.662 0.05717
1397.812 0.05723
1397.972 0.05715
1398.132 0.05698
1398.282 0.05739
1398.442 0.05762
1398.602 0.05767
1398.762 0.05769
1398.912 0.05793
1399.072 0.05793
1399.232 0.05607
1399.382 0.05604
1399.542 0.05637
1399.702 0.05643
1399.862 0.05641
1400.012 0.05647
1400.172 0.05653
1400.332 0.05656
1400.492 0.05614
1400.642 0.05627
1400.802 0.05637
1400.952 0.05811
1401.112 0.05893
1401.272 0.0589
1401.432 0.05892
1401.582 0.0606
1401.742 0.06116
1401.902 0.06127
1402.062 0.05964
1402.212 0.05966
1402.372 0.05972
1402.532 0.05957
1402.692 0.05814
1402.842 0.05829
1403.002 0.05846
1403.152 0.06026
1403.312 0.06059
1403.472 0.06058
1403.632 0.06062
1403.782 0.06248
1403.942 0.06293
1404.102 0.06316
1404.262 0.06133
1404.412 0.06133
1404.572 0.06141
1404.732 0.06132
1404.892 0.05982
1405.042 0.05996
1405.202 0.06021
1405.362 0.06019
1405.522 0.05878
1405.672 0.05882
1405.832 0.05861
1405.982 0.06042
1406.142 0.06084
1406.302 0.061
1406.462 0.05911
1406.612 0.05902
1406.772 0.05919
1406.932 0.05924
1407.092 0.05757
1407.252 0.05667
1407.402 0.05693
1407.562 0.05679
1407.722 0.05542
1407.882 0.05535
1408.032 0.05536
1408.182 0.05724
1408.342 0.05761
1408.502 0.05787
1408.662 0.0578
1408.812 0.05943
1408.972 0.05977
1409.132 0.05998
1409.292 0.05811
1409.442 0.0581
1409.602 0.05844
1409.762 0.0585
1409.922 0.05693
1410.072 0.0569
1410.232 0.05713
1410.392 0.05697
1410.552 0.05567
1410.702 0.05579
1410.862 0.05578
1411.012 0.05751
1411.172 0.05783
1411.332 0.05807
1411.492 0.05809
1411.642 0.05802
1411.802 0.0583
1411.962 0.0584
1412.122 0.05848
1412.272 0.05853
1412.432 0.05884
1412.592 0.0587
1412.752 0.05721
1412.902 0.05724
1413.062 0.05717
1413.212 0.05907
1413.372 0.05933
1413.532 0.05937
1413.692 0.05936
1413.842 0.0611
1414.002 0.06157
1414.162 0.06165
1414.322 0.05989
1414.472 0.05991
1414.632 0.06031
1414.792 0.0604
1414.952 0.0591
1415.102 0.05905
1415.262 0.05905
1415.422 0.0588
1415.582 0.05755
1415.732 0.05766
1415.892 0.0577
1416.042 0.05951
1416.202 0.05987
1416.362 0.05992
1416.522 0.05821
1416.672 0.05822
1416.832 0.05855
1416.992 0.0585
1417.152 0.05675
1417.302 0.05672
1417.462 0.05684
1417.622 0.05667
1417.782 0.05553
1417.932 0.05567
1418.092 0.05578
1418.252 0.05573
1418.402 0.05605
1418.562 0.05618
1418.722 0.05626
1418.882 0.05638
1419.032 0.05675
1419.192 0.057
1419.352 0.05508
1419.512 0.05405
1419.662 0.05416
1419.822 0.05398
1419.982 0.0525
1420.132 0.05256
1420.292 0.05278
1420.442 0.05474
1420.602 0.05604
1420.762 0.0561
1420.922 0.05617
1421.072 0.05797
1421.232 0.05839
1421.392 0.05858
1421.552 0.05657
1421.702 0.05659
1421.862 0.0568
1422.022 0.05684
1422.182 0.05523
1422.332 0.05514
1422.492 0.05537
1422.652 0.05537
1422.812 0.05389
1422.962 0.05386
1423.122 0.05379
1423.272 0.0555
1423.432 0.05584
1423.592 0.0559
1423.752 0.05587
1423.902 0.05734
1424.062 0.05735
1424.222 0.05736
1424.382 0.05581
1424.532 0.05578
1424.692 0.05594
1424.852 0.05593
1425.012 0.05433
1425.162 0.05423
1425.322 0.05406
1425.472 0.05593
1425.632 0.05635
1425.792 0.05641
1425.952 0.05636
1426.102 0.05814
1426.262 0.05836
1426.422 0.05837
1426.582 0.05672
1426.732 0.05676
1426.892 0.05716
1427.052 0.05714
1427.212 0.05565
1427.362 0.05543
1427.522 0.05532
1427.672 0.0573
1427.832 0.0576
1427.992 0.05749
1428.152 0.05737
1428.302 0.05881
1428.462 0.05903
1428.622 0.05897
1428.782 0.05928
1428.932 0.06075
1429.092 0.06096
1429.252 0.06098
1429.412 0.05935
1429.562 0.05908
1429.722 0.05906
1429.882 0.05887
1430.042 0.05734
1430.192 0.05729
1430.352 0.0574
1430.512 0.05744
1430.662 0.05765
1430.822 0.05752
1430.982 0.05777
1431.132 0.05898
1431.292 0.05923
1431.452 0.0593
1431.612 0.05953
1431.762 0.05932
1431.922 0.05915
1432.082 0.05897
1432.242 0.05879
1432.392 0.05869
1432.552 0.05869
1432.702 0.06073
1432.862 0.06186
1433.022 0.06172
1433.182 0.06181
1433.332 0.06339
1433.492 0.06362
1433.652 0.06375
1433.812 0.06185
1433.962 0.06152
1434.122 0.06153
1434.282 0.06148
1434.442 0.05966
1434.592 0.05958
1434.752 0.05962
1434.912 0.05959
1435.072 0.05812
1435.222 0.05789
1435.382 0.05802
1435.532 0.05976
1435.692 0.05994
1435.852 0.0599
1436.012 0.05981
1436.162 0.0614
1436.322 0.06152
1436.482 0.06157
1436.642 0.05982
1436.792 0.0597
1436.952 0.05979
1437.112 0.05981
1437.272 0.05833
1437.422 0.05827
1437.582 0.05824
1437.732 0.06029
1437.892 0.06058
1438.052 0.0606
1438.212 0.06067
1438.362 0.06244
1438.522 0.06278
1438.682 0.06293
1438.842 0.06095
1439.002 0.05965
1439.152 0.05972
1439.312 0.0598
1439.472 0.05831
1439.632 0.05802
1439.782 0.05815
1439.932 0.05997
1440.092 0.06018
1440.252 0.06005
1440.412 0.06005
1440.562 0.06157
1440.722 0.06186
1440.882 0.06202
1441.042 0.0601
1441.192 0.06
1441.352 0.06021
1441.512 0.06018
1441.672 0.05877
1441.822 0.05854
1441.982 0.05874
1442.142 0.05848
1442.302 0.05707
1442.452 0.05711
1442.612 0.05704
1442.762 0.05869
1442.922 0.05904
1443.082 0.05917
1443.242 0.05928
1443.392 0.06086
1443.552 0.06108
1443.712 0.06104
1443.872 0.06113
1444.022 0.06083
1444.182 0.06106
1444.342 0.06085
1444.502 0.0594
1444.652 0.0593
1444.812 0.05915
1444.962 0.06088
1445.122 0.06132
1445.282 0.06138
1445.442 0.06138
1445.592 0.06321
1445.752 0.06337
1445.912 0.06328
1446.072 0.06143
1446.222 0.06132
1446.382 0.06162
1446.542 0.06179
1446.702 0.06039
1446.852 0.06019
1447.012 0.05993
1447.162 0.06186
1447.322 0.06223
1447.482 0.06217
1447.642 0.06247
1447.792 0.06409
1447.952 0.06424
1448.112 0.06414
1448.272 0.06436
1448.422 0.06578
1448.582 0.06611
1448.742 0.0661
1448.902 0.06446
1449.052 0.06437
1449.212 0.06433
1449.372 0.06437
1449.532 0.0628
1449.682 0.06272
1449.842 0.0628
1450.002 0.06278
1450.152 0.06281
1450.312 0.06266
1450.472 0.06268
1450.632 0.06283
1450.782 0.06296
1450.942 0.06322
1451.102 0.06118
1451.262 0.0601
1451.412 0.05999
1451.572 0.05993
1451.732 0.05819
1451.882 0.058
1452.042 0.05806
1452.192 0.06007
1452.352 0.06133
1452.512 0.0612
1452.672 0.06119
1452.822 0.06267
1452.982 0.06298
1453.142 0.06297
1453.302 0.061
1453.452 0.06067
1453.612 0.06059
1453.772 0.06059
1453.932 0.05889
1454.082 0.05871
1454.242 0.05881
1454.392 0.06075
1454.552 0.06073
1454.712 0.0604
1454.872 0.0605
1455.022 0.06194
1455.182 0.06222
1455.342 0.06219
1455.502 0.06223
1455.652 0.06355
1455.812 0.0634
1455.972 0.06355
1456.132 0.06166
1456.282 0.06133
1456.442 0.06126
1456.602 0.0611
1456.762 0.05944
1456.912 0.05913
1457.072 0.05912
1457.222 0.06078
1457.382 0.06103
1457.542 0.06096
1457.702 0.06103
1457.852 0.06267
1458.012 0.0627
1458.172 0.06284
1458.332 0.06086
1458.482 0.06043
1458.642 0.06054
1458.802 0.06056
1458.962 0.05884
1459.112 0.05868
1459.272 0.05871
1459.422 0.06048
1459.582 0.06061
1459.742 0.06035
1459.902 0.06015
1460.052 0.06163
1460.212 0.06171
1460.372 0.0619
1460.532 0.05982
1460.682 0.05939
1460.842 0.05941
1461.002 0.05916
1461.162 0.05745
1461.312 0.05722
1461.472 0.05732
1461.632 0.05709
1461.792 0.0557
1461.942 0.05537
1462.102 0.05527
1462.262 0.05523
1462.412 0.05544
1462.572 0.05557
1462.732 0.05564
1462.882 0.05711
1463.042 0.05714
1463.202 0.05701
1463.362 0.0569
1463.512 0.05691
1463.672 0.05701
1463.832 0.05695
1463.992 0.05675
1464.142 0.05662
1464.292 0.05867
1464.452 0.06046
1464.612 0.0614
1464.772 0.06151
1464.932 0.0616
1465.082 0.06315
1465.242 0.06309
1465.402 0.06301
1465.562 0.06093
1465.712 0.06072
1465.872 0.06075
1466.032 0.0607
1466.192 0.05908
1466.342 0.05886
1466.502 0.05883
1466.652 0.06079
1466.812 0.06114
1466.972 0.06116
1467.132 0.06108
1467.282 0.06278
1467.442 0.06293
1467.602 0.06286
1467.762 0.06094
1467.912 0.06072
1468.072 0.06095
1468.232 0.06094
1468.392 0.05939
1468.542 0.05913
1468.702 0.05912
1468.862 0.05907
1469.022 0.05759
1469.172 0.05755
1469.332 0.0575
1469.482 0.05944
1469.642 0.0596
1469.802 0.05971
1469.962 0.05977
1470.112 0.06142
1470.272 0.0616
1470.432 0.06158
1470.592 0.05975
1470.752 0.05884
1470.902 0.05893
1471.062 0.05886
1471.222 0.05712
1471.382 0.05709
1471.532 0.05693
1471.682 0.0589
1471.842 0.0592
1472.002 0.05928
1472.162 0.05934
1472.312 0.06085
1472.472 0.06098
1472.632 0.06094
1472.792 0.05912
1472.942 0.0589
1473.102 0.05909
1473.262 0.05913
1473.422 0.05741
1473.572 0.05727
1473.732 0.057
1473.882 0.059
1474.042 0.05932
1474.202 0.05941
1474.362 0.05933
1474.512 0.06099
1474.672 0.06107
1474.832 0.06096
1474.992 0.06124
1475.142 0.06269
1475.302 0.06293
1475.462 0.06299
1475.622 0.063
1475.772 0.06257
1475.932 0.06247
1476.082 0.0645
1476.242 0.06481
1476.402 0.0648
1476.562 0.06483
1476.712 0.06656
1476.872 0.06661
1477.032 0.06639
1477.192 0.06646
1477.342 0.06802
1477.502 0.06822
1477.662 0.06609
1477.822 0.06427
1477.972 0.06394
1478.132 0.06373
1478.292 0.06358
1478.452 0.06205
1478.602 0.06202
1478.762 0.06207
1478.912 0.06397
1479.072 0.064
1479.232 0.06381
1479.392 0.06379
1479.542 0.06539
1479.702 0.06553
1479.862 0.06571
1480.022 0.06366
1480.172 0.0632
1480.332 0.06308
1480.492 0.0631
1480.652 0.06137
1480.802 0.06108
1480.962 0.06111
1481.112 0.06278
1481.272 0.06289
1481.432 0.06274
1481.592 0.06271
1481.752 0.06267
1481.902 0.06272
1482.062 0.06273
1482.222 0.06285
1482.382 0.06324
1482.532 0.06328
1482.692 0.06327
1482.852 0.06131
1483.012 0.06083
1483.162 0.06079
1483.322 0.06087
1483.482 0.05928
1483.632 0.05906
1483.792 0.05904
1483.942 0.06082
1484.102 0.06171
1484.262 0.06162
1484.422 0.06169
1484.572 0.06319
1484.732 0.06313
1484.892 0.06328
1485.052 0.06122
1485.202 0.06093
1485.362 0.06092
1485.522 0.06097
1485.682 0.05953
1485.832 0.05931
1485.992 0.05942
1486.142 0.06126
1486.302 0.06155
1486.462 0.06145
1486.622 0.06145
1486.772 0.06304
1486.932 0.06319
1487.092 0.06356
1487.252 0.06148
1487.402 0.06128
1487.562 0.06135
1487.722 0.0615
1487.882 0.05999
1488.032 0.06009
1488.192 0.06024
1488.352 0.0602
1488.512 0.05868
1488.662 0.05859
1488.822 0.05849
1488.972 0.06023
1489.132 0.06086
1489.292 0.06088
1489.452 0.05882
1489.602 0.05873
1489.762 0.05903
1489.922 0.0591
1490.082 0.0576
1490.232 0.05756
1490.392 0.05784
1490.552 0.05794
1490.712 0.05646
1490.862 0.05652
1491.022 0.05647
1491.172 0.05837
1491.332 0.05906
1491.492 0.05933
1491.652 0.05938
1491.802 0.0611
1491.962 0.06162
1492.122 0.06171
1492.282 0.05997
1492.432 0.05991
1492.592 0.0605
1492.752 0.06068
1492.912 0.05895
1493.062 0.05912
1493.222 0.05913
1493.382 0.05907
1493.542 0.05786
1493.692 0.05829
1493.852 0.05849
1494.012 0.05853
1494.162 0.05908
1494.322 0.05926
1494.482 0.05746
1494.632 0.05763
1494.792 0.05804
1494.952 0.05835
1495.112 0.0582
1495.262 0.05836
1495.422 0.05861
1495.582 0.05844
1495.742 0.05822
1495.892 0.05854
1496.052 0.05883
1496.212 0.05893
1496.372 0.0583
1496.522 0.05844
1496.682 0.05836
1496.832 0.06009
1496.992 0.06058
1497.152 0.06099
1497.312 0.05926
1497.462 0.05936
1497.622 0.05979
1497.782 0.05971
1497.942 0.0584
1498.092 0.05876
1498.252 0.05912
1498.412 0.0592
1498.572 0.05794
1498.722 0.05818
1498.882 0.05819
1499.032 0.06007
1499.192 0.06097
1499.352 0.06127
1499.512 0.05937
1499.662 0.05946
1499.822 0.05991
1499.982 0.0599
1500.142 0.05831
1500.292 0.05869
1500.452 0.0589
1500.612 0.0591
1500.772 0.05763
1500.922 0.05786
1501.082 0.05795
1501.242 0.05784
1501.402 0.05664
1501.552 0.05701
1501.712 0.05678
1501.862 0.05857
1502.022 0.05911
1502.182 0.05943
1502.342 0.05757
1502.502 0.05639
1502.652 0.0569
1502.812 0.05704
1502.972 0.05546
1503.132 0.05501
1503.282 0.0554
1503.442 0.05509
1503.602 0.05384
1503.762 0.05422
1503.912 0.0542
1504.062 0.05599
1504.222 0.05646
1504.382 0.05683
1504.542 0.05475
1504.692 0.05466
1504.852 0.05518
1505.012 0.05542
1505.172 0.0539
1505.322 0.05368
1505.482 0.05408
1505.642 0.05396
1505.802 0.05257
1505.952 0.05286
1506.112 0.05297
1506.272 0.05301
1506.432 0.05184
1506.582 0.05202
1506.742 0.05199
1506.892 0.05391
1507.052 0.05448
1507.212 0.05476
1507.372 0.05483
1507.522 0.05483
1507.682 0.05531
1507.842 0.05524
1508.002 0.05376
1508.152 0.05405
1508.312 0.05424
1508.472 0.05417
1508.632 0.05292
1508.782 0.05302
1508.942 0.05319
1509.092 0.05494
1509.252 0.05544
1509.412 0.05557
1509.572 0.05546
1509.722 0.05702
1509.882 0.05758
1510.042 0.0577
1510.202 0.05591
1510.352 0.0562
1510.512 0.05642
1510.672 0.05642
1510.832 0.05516
1510.982 0.05527
1511.142 0.05551
1511.302 0.05545
1511.462 0.05434
1511.612 0.05444
1511.772 0.05451
1511.922 0.05632
1512.082 0.05672
1512.242 0.05688
1512.402 0.05485
1512.552 0.05471
1512.712 0.05517
1512.872 0.05528
1513.032 0.05371
1513.182 0.05373
1513.342 0.05411
1513.502 0.05432
1513.662 0.05296
1513.812 0.05328
1513.972 0.05328
1514.132 0.05327
1514.282 0.05381
1514.442 0.0541
1514.602 0.0541
1514.762 0.05419
1514.912 0.05453
1515.072 0.05482
1515.232 0.05325
1515.382 0.05337
1515.542 0.05375
1515.702 0.05375
1515.862 0.05338
1516.012 0.05359
1516.172 0.05359
1516.332 0.05347
1516.492 0.05283
1516.642 0.05308
1516.802 0.05312
1516.952 0.05504
1517.112 0.05548
1517.272 0.05567
1517.432 0.05402
1517.582 0.05413
1517.742 0.05454
1517.902 0.05469
1518.062 0.05303
1518.212 0.05319
1518.372 0.05334
1518.532 0.05311
1518.692 0.05205
1518.842 0.05228
1519.002 0.05248
1519.152 0.05451
1519.312 0.05484
1519.472 0.05505
1519.632 0.05516
1519.782 0.05685
1519.942 0.05738
1520.102 0.05768
1520.262 0.0558
1520.412 0.05584
1520.572 0.05597
1520.732 0.05583
1520.892 0.05448
1521.042 0.05463
1521.202 0.05502
1521.362 0.05493
1521.522 0.05369
1521.672 0.05381
1521.832 0.05378
1521.982 0.05571
1522.142 0.05631
1522.302 0.05667
1522.462 0.05481
1522.612 0.05495
1522.772 0.05533
1522.932 0.05537
1523.092 0.05381
1523.252 0.05326
1523.402 0.05363
1523.562 0.05377
1523.722 0.05236
1523.882 0.05252
1524.032 0.05251
1524.182 0.05417
1524.342 0.05459
1524.502 0.055
1524.662 0.05492
1524.812 0.05649
1524.972 0.05693
1525.132 0.05705
1525.292 0.05537
1525.442 0.0556
1525.602 0.05604
1525.762 0.05615
1525.922 0.05465
1526.072 0.05457
1526.232 0.05462
1526.392 0.05452
1526.552 0.05353
1526.702 0.05376
1526.862 0.05356
1527.012 0.05519
1527.172 0.05548
1527.332 0.05562
1527.492 0.05571
1527.642 0.05572
1527.802 0.05611
1527.962 0.05628
1528.122 0.05632
1528.272 0.05636
1528.432 0.05658
1528.592 0.05643
1528.752 0.05509
1528.902 0.05529
1529.062 0.05535
1529.212 0.05729
1529.372 0.05763
1529.532 0.05771
1529.692 0.05781
1529.842 0.05954
1530.002 0.05991
1530.162 0.06011
1530.322 0.05836
1530.472 0.0583
1530.632 0.05857
1530.792 0.05836
1530.952 0.05693
1531.102 0.05694
1531.262 0.05701
1531.412 0.05887
1531.572 0.05914
1531.732 0.05924
1531.892 0.05924
1532.042 0.06094
1532.202 0.0613
1532.362 0.0615
1532.522 0.05966
1532.672 0.0596
1532.832 0.0599
1532.992 0.05979
1533.152 0.0581
1533.302 0.05816
1533.462 0.0583
1533.622 0.05839
1533.782 0.05692
1533.932 0.05701
1534.092 0.05711
1534.252 0.057
1534.402 0.05727
1534.562 0.0574
1534.722 0.05735
1534.882 0.05739
1535.032 0.05764
1535.192 0.05782
1535.352 0.05586
1535.512 0.05507
1535.662 0.05512
1535.822 0.05518
1535.982 0.05356
1536.132 0.05361
1536.292 0.05382
1536.442 0.05558
1536.602 0.0566
1536.762 0.0567
1536.922 0.05666
1537.072 0.05839
1537.232 0.05866
1537.392 0.059
1537.552 0.05721
1537.702 0.05726
1537.862 0.05733
1538.022 0.0574
1538.182 0.05579
1538.332 0.05582
1538.492 0.056
1538.652 0.05595
1538.812 0.05462
1538.962 0.05463
1539.122 0.05458
1539.272 0.05636
1539.432 0.05682
1539.592 0.0571
1539.752 0.05714
1539.902 0.05868
1540.062 0.05891
1540.222 0.05903
1540.382 0.05752
1540.532 0.05757
1540.692 0.05783
1540.852 0.05792
1541.012 0.05635
1541.162 0.05633
1541.322 0.05622
1541.472 0.05805
1541.632 0.05842
1541.792 0.05854
1541.952 0.05847
1542.102 0.06013
1542.262 0.06039
1542.422 0.06041
1542.582 0.05856
1542.732 0.05849
1542.892 0.05891
1543.052 0.05915
1543.212 0.05757
1543.362 0.0575
1543.522 0.05756
1543.682 0.05743
1543.842 0.05618
1544.002 0.0565
1544.152 0.05665
1544.302 0.05838
1544.462 0.05873
1544.622 0.05881
1544.782 0.05695
1544.932 0.05678
1545.092 0.05725
1545.252 0.05756
1545.412 0.05594
1545.562 0.05499
1545.722 0.0551
1545.882 0.055
1546.042 0.05374
1546.192 0.05388
1546.352 0.05411
1546.512 0.05416
1546.662 0.05472
1546.822 0.05468
1546.982 0.05453
1547.132 0.0563
1547.292 0.05679
1547.452 0.05706
1547.612 0.05723
1547.762 0.0572
1547.922 0.05742
1548.082 0.0575
1548.242 0.0577
1548.392 0.05793
1548.552 0.0582
1548.712 0.05821
1548.872 0.05785
1549.022 0.05796
1549.182 0.05794
1549.332 0.05995
1549.492 0.0605
1549.652 0.06074
1549.812 0.059
1549.962 0.05908
1550.122 0.05948
1550.282 0.05949
1550.442 0.05785
1550.592 0.05813
1550.752 0.05821
1550.912 0.05811
1551.072 0.05686
1551.222 0.05703
1551.382 0.05716
1551.532 0.05913
1551.692 0.05957
1551.852 0.0598
1552.012 0.05978
1552.162 0.06153
1552.322 0.06211
1552.482 0.06232
1552.642 0.06059
1552.792 0.06073
1552.952 0.06099
1553.112 0.06098
1553.272 0.05961
1553.422 0.05978
1553.582 0.06004
1553.742 0.05991
1553.902 0.05862
1554.052 0.05876
1554.212 0.05863
1554.362 0.06058
1554.522 0.06104
1554.682 0.06145
1554.842 0.05955
1555.002 0.05837
1555.152 0.05887
1555.312 0.05897
1555.472 0.05762
1555.632 0.0568
1555.782 0.05721
1555.942 0.05723
1556.102 0.05591
1556.262 0.05583
1556.412 0.05556
1556.562 0.05756
1556.722 0.05846
1556.882 0.05884
1557.042 0.05878
1557.192 0.06062
1557.352 0.06091
1557.512 0.06095
1557.672 0.05937
1557.822 0.05946
1557.982 0.06011
1558.142 0.0602
1558.302 0.059
1558.452 0.05918
1558.612 0.05925
1558.772 0.05912
1558.932 0.05881
1559.082 0.05913
1559.242 0.05909
1559.392 0.06077
1559.552 0.06135
1559.712 0.06142
1559.872 0.06149
1560.022 0.06148
1560.182 0.06215
1560.342 0.06243
1560.502 0.06085
1560.652 0.06092
1560.812 0.06113
1560.972 0.06091
1561.132 0.05964
1561.282 0.0599
1561.442 0.06003
1561.592 0.0617
1561.752 0.06213
1561.912 0.06226
1562.072 0.06222
1562.222 0.06321
1562.382 0.06374
1562.542 0.06407
1562.702 0.06206
1562.852 0.06199
1563.012 0.06222
1563.172 0.06215
1563.332 0.06051
1563.482 0.06072
1563.642 0.06109
1563.802 0.06103
1563.962 0.05958
1564.112 0.0598
1564.272 0.06
1564.422 0.06185
1564.582 0.06235
1564.742 0.06255
1564.902 0.06055
1565.052 0.06064
1565.212 0.06101
1565.372 0.06115
1565.532 0.05936
1565.682 0.05944
1565.842 0.05971
1566.002 0.05967
1566.162 0.05823
1566.312 0.05835
1566.472 0.05854
1566.632 0.05842
1566.782 0.05881
1566.942 0.05899
1567.102 0.05887
1567.262 0.05907
1567.412 0.05956
1567.572 0.05998
1567.732 0.05804
1567.882 0.05806
1568.042 0.05829
1568.202 0.05832
1568.362 0.05811
1568.512 0.0581
1568.672 0.05835
1568.832 0.05823
1568.992 0.05804
1569.142 0.05829
1569.302 0.0582
1569.452 0.06016
1569.612 0.06076
1569.772 0.06106
1569.932 0.05897
1570.082 0.05866
1570.242 0.05891
1570.402 0.05901
1570.562 0.05728
1570.712 0.05728
1570.872 0.05776
1571.032 0.05786
1571.192 0.05647
1571.342 0.05645
1571.502 0.05655
