%Time5 coef_friccion5
1000.159 0.08055
1000.309 0.08282
1000.469 0.08226
1000.629 0.08183
1000.789 0.08124
1000.939 0.08325
1001.099 0.0824
1001.259 0.0821
1001.419 0.08217
1001.569 0.08234
1001.729 0.08232
1001.889 0.08256
1002.049 0.08047
1002.199 0.08076
1002.359 0.08053
1002.509 0.08288
1002.669 0.0829
1002.829 0.08322
1002.989 0.08311
1003.139 0.08514
1003.299 0.08491
1003.459 0.08526
1003.619 0.08304
1003.769 0.08314
1003.929 0.08306
1004.089 0.08334
1004.249 0.0813
1004.399 0.08146
1004.559 0.08099
1004.709 0.08326
1004.869 0.08294
1005.029 0.0829
1005.189 0.08261
1005.339 0.08482
1005.499 0.08447
1005.659 0.08451
1005.819 0.08447
1005.969 0.08628
1006.129 0.0859
1006.289 0.08596
1006.449 0.08365
1006.599 0.08362
1006.759 0.08306
1006.919 0.08322
1007.079 0.08118
1007.229 0.08117
1007.389 0.08069
1007.539 0.08286
1007.699 0.08245
1007.859 0.08252
1008.019 0.08243
1008.169 0.08436
1008.329 0.084
1008.489 0.08416
1008.649 0.08185
1008.799 0.08187
1008.959 0.08133
1009.119 0.08145
1009.279 0.07933
1009.429 0.07933
1009.589 0.07889
1009.739 0.08117
1009.899 0.08079
1010.059 0.08086
1010.219 0.08064
1010.369 0.08263
1010.529 0.08218
1010.689 0.08223
1010.849 0.08221
1010.999 0.0841
1011.159 0.08361
1011.319 0.08371
1011.479 0.08157
1011.629 0.08163
1011.789 0.08116
1011.939 0.08357
1012.099 0.08324
1012.259 0.08325
1012.419 0.08285
1012.569 0.08493
1012.729 0.08454
1012.889 0.08463
1013.049 0.08457
1013.199 0.08647
1013.359 0.08594
1013.519 0.08608
1013.679 0.0839
1013.829 0.08385
1013.989 0.08341
1014.139 0.08577
1014.299 0.08548
1014.459 0.08541
1014.619 0.08496
1014.769 0.08702
1014.929 0.08669
1015.089 0.08677
1015.249 0.0866
1015.399 0.08855
1015.559 0.08807
1015.719 0.08805
1015.879 0.08575
1016.029 0.08561
1016.189 0.08508
1016.349 0.08524
1016.509 0.08312
1016.659 0.0831
1016.819 0.08254
1016.969 0.08477
1017.129 0.08447
1017.289 0.08454
1017.449 0.08437
1017.599 0.08634
1017.759 0.08589
1017.919 0.08593
1018.079 0.08373
1018.229 0.08376
1018.389 0.08329
1018.549 0.08341
1018.709 0.08125
1018.859 0.0811
1019.019 0.08047
1019.169 0.08263
1019.329 0.08224
1019.489 0.08227
1019.649 0.0819
1019.799 0.08393
1019.959 0.08338
1020.119 0.08352
1020.279 0.08348
1020.429 0.08528
1020.589 0.08468
1020.749 0.08478
1020.909 0.08271
1021.059 0.08263
1021.219 0.08206
1021.369 0.08431
1021.529 0.08393
1021.689 0.08402
1021.849 0.08345
1021.999 0.08553
1022.159 0.08503
1022.319 0.08504
1022.479 0.08501
1022.629 0.08687
1022.789 0.08632
1022.949 0.08648
1023.109 0.08432
1023.259 0.08436
1023.419 0.08385
1023.569 0.0862
1023.729 0.08578
1023.889 0.08584
1024.049 0.08532
1024.199 0.08746
1024.359 0.08695
1024.519 0.08705
1024.679 0.08693
1024.829 0.08893
1024.989 0.08844
1025.149 0.08855
1025.309 0.08632
1025.459 0.08623
1025.619 0.08569
1025.779 0.0858
1025.939 0.08361
1026.089 0.0837
1026.249 0.0831
1026.399 0.08538
1026.559 0.08499
1026.719 0.08518
1026.879 0.08485
1027.029 0.08692
1027.189 0.08646
1027.349 0.08655
1027.509 0.08441
1027.659 0.0844
1027.819 0.08398
1027.979 0.08424
1028.139 0.082
1028.289 0.08205
1028.449 0.08137
1028.599 0.08362
1028.759 0.08325
1028.919 0.08332
1029.079 0.08303
1029.229 0.0851
1029.389 0.08456
1029.549 0.08476
1029.709 0.08476
1029.859 0.08671
1030.019 0.08626
1030.179 0.08656
1030.339 0.08422
1030.489 0.08421
1030.649 0.08358
1030.799 0.08588
1030.959 0.08557
1031.119 0.08573
1031.279 0.08538
1031.429 0.08755
1031.589 0.0871
1031.749 0.08717
1031.909 0.08705
1032.059 0.089
1032.219 0.08861
1032.379 0.0889
1032.539 0.08669
1032.689 0.08675
1032.849 0.08619
1033.009 0.0863
1033.169 0.08415
1033.319 0.08432
1033.479 0.08393
1033.629 0.08613
1033.789 0.08564
1033.949 0.0857
1034.109 0.08558
1034.259 0.08749
1034.419 0.08716
1034.579 0.0875
1034.739 0.08521
1034.889 0.08523
1035.049 0.08456
1035.209 0.08474
1035.369 0.0826
1035.519 0.08264
1035.679 0.08234
1035.829 0.08454
1035.989 0.08411
1036.149 0.08417
1036.309 0.08383
1036.459 0.08591
1036.619 0.08546
1036.779 0.08564
1036.939 0.0833
1037.089 0.08336
1037.249 0.08277
1037.409 0.08289
1037.569 0.08071
1037.719 0.08085
1037.879 0.08043
1038.029 0.08274
1038.189 0.08228
1038.349 0.08226
1038.509 0.08187
1038.659 0.08391
1038.819 0.08349
1038.979 0.08368
1039.139 0.08359
1039.289 0.08509
1039.449 0.08454
1039.609 0.08472
1039.769 0.08249
1039.919 0.08249
1040.079 0.082
1040.239 0.08216
1040.399 0.07993
1040.549 0.07992
1040.709 0.07945
1040.859 0.0815
1041.019 0.08114
1041.179 0.08128
1041.339 0.08107
1041.489 0.08295
1041.649 0.08234
1041.809 0.08249
1041.969 0.08031
1042.119 0.08037
1042.279 0.07994
1042.439 0.08024
1042.599 0.07801
1042.749 0.07803
1042.909 0.07747
1043.059 0.07961
1043.219 0.07914
1043.379 0.07926
1043.539 0.07891
1043.689 0.08082
1043.849 0.08033
1044.009 0.08046
1044.169 0.07827
1044.319 0.07829
1044.479 0.07779
1044.639 0.078
1044.799 0.07573
1044.949 0.07563
1045.109 0.07509
1045.259 0.07733
1045.419 0.07692
1045.579 0.07708
1045.739 0.07672
1045.889 0.07873
1046.049 0.07831
1046.209 0.07845
1046.369 0.07849
1046.519 0.08035
1046.679 0.0799
1046.839 0.08004
1046.999 0.07778
1047.149 0.07779
1047.309 0.0773
1047.469 0.07728
1047.629 0.07521
1047.779 0.07521
1047.939 0.07477
1048.089 0.07679
1048.249 0.07641
1048.409 0.07654
1048.569 0.07652
1048.719 0.0785
1048.879 0.07813
1049.039 0.07837
1049.199 0.07611
1049.349 0.07616
1049.509 0.07571
1049.669 0.07581
1049.829 0.07357
1049.979 0.07364
1050.139 0.07317
1050.289 0.07532
1050.449 0.07504
1050.609 0.07517
1050.769 0.07507
1050.919 0.07705
1051.079 0.0766
1051.239 0.07679
1051.399 0.0745
1051.549 0.07448
1051.709 0.07402
1051.869 0.07414
1052.029 0.07197
1052.179 0.07214
1052.339 0.07179
1052.489 0.07405
1052.649 0.07404
1052.809 0.07407
1052.969 0.0738
1053.119 0.07589
1053.279 0.07553
1053.439 0.0757
1053.599 0.07561
1053.749 0.0774
1053.909 0.07693
1054.069 0.0771
1054.229 0.07493
1054.379 0.07499
1054.539 0.07454
1054.689 0.07679
1054.849 0.07638
1055.009 0.07643
1055.169 0.07611
1055.319 0.07804
1055.479 0.07764
1055.639 0.07776
1055.799 0.07758
1055.949 0.07896
1056.109 0.0785
1056.269 0.07862
1056.429 0.07641
1056.579 0.07642
1056.739 0.076
1056.899 0.07624
1057.059 0.07422
1057.209 0.07421
1057.369 0.07384
1057.519 0.07589
1057.679 0.07544
1057.839 0.07549
1057.999 0.07534
1058.149 0.07721
1058.309 0.07685
1058.469 0.07702
1058.629 0.0748
1058.779 0.07482
1058.939 0.07443
1059.099 0.07459
1059.259 0.0725
1059.409 0.07246
1059.569 0.07201
1059.719 0.07414
1059.879 0.07375
1060.039 0.07381
1060.199 0.0735
1060.349 0.07545
1060.509 0.07504
1060.669 0.07518
1060.829 0.07524
1060.979 0.07698
1061.139 0.07659
1061.299 0.07665
1061.459 0.07462
1061.609 0.07456
1061.769 0.07416
1061.919 0.07648
1062.079 0.07615
1062.239 0.07622
1062.399 0.07576
1062.549 0.07782
1062.709 0.07739
1062.869 0.07741
1063.029 0.07747
1063.179 0.07935
1063.339 0.07898
1063.499 0.0792
1063.659 0.07707
1063.809 0.07704
1063.969 0.07657
1064.119 0.07892
1064.279 0.07858
1064.439 0.07864
1064.599 0.07816
1064.749 0.08033
1064.909 0.08005
1065.069 0.08013
1065.229 0.08009
1065.379 0.08203
1065.539 0.08158
1065.699 0.08163
1065.859 0.0795
1066.009 0.07949
1066.169 0.07896
1066.329 0.07894
1066.489 0.07678
1066.639 0.07684
1066.799 0.07635
1066.949 0.07852
1067.109 0.07819
1067.269 0.07824
1067.429 0.07814
1067.579 0.08009
1067.739 0.07965
1067.899 0.07976
1068.059 0.07768
1068.209 0.07771
1068.369 0.07732
1068.529 0.07742
1068.689 0.07539
1068.839 0.07542
1068.999 0.07497
1069.149 0.07712
1069.309 0.07729
1069.469 0.07737
1069.629 0.07722
1069.779 0.07921
1069.939 0.07882
1070.099 0.07898
1070.259 0.07884
1070.409 0.08062
1070.569 0.08027
1070.729 0.08038
1070.889 0.07827
1071.039 0.0783
1071.199 0.07788
1071.349 0.0801
1071.509 0.07988
1071.669 0.07989
1071.829 0.07961
1071.979 0.08163
1072.139 0.08122
1072.299 0.08118
1072.459 0.0811
1072.609 0.08288
1072.769 0.08239
1072.929 0.08248
1073.089 0.08034
1073.239 0.08041
1073.399 0.07994
1073.559 0.08011
1073.719 0.07808
1073.869 0.07806
1074.029 0.07763
1074.179 0.07975
1074.339 0.0794
1074.499 0.07939
1074.659 0.07929
1074.809 0.08108
1074.969 0.08068
1075.129 0.08076
1075.289 0.07845
1075.439 0.07842
1075.599 0.07792
1075.759 0.07805
1075.919 0.07607
1076.069 0.07604
1076.229 0.07573
1076.379 0.07784
1076.539 0.07748
1076.699 0.07755
1076.859 0.07726
1077.009 0.07923
1077.169 0.07881
1077.329 0.07893
1077.489 0.07671
1077.639 0.07671
1077.799 0.07628
1077.959 0.07643
1078.117 0.07442
1078.267 0.07493
1078.427 0.0752
1078.587 0.07538
1078.747 0.07354
1078.897 0.07415
1079.057 0.07421
1079.217 0.07413
1079.377 0.07267
1079.527 0.0734
1079.687 0.07354
1079.837 0.07582
1079.997 0.0761
1080.157 0.07675
1080.317 0.07464
1080.467 0.07511
1080.627 0.07536
1080.787 0.07559
1080.947 0.07365
1081.097 0.07424
1081.257 0.07431
1081.417 0.07431
1081.577 0.07284
1081.727 0.07352
1081.887 0.07362
1082.037 0.07584
1082.197 0.07603
1082.357 0.07661
1082.517 0.07445
1082.667 0.07495
1082.827 0.07526
1082.987 0.07571
1083.147 0.07375
1083.297 0.07437
1083.457 0.07446
1083.617 0.07452
1083.777 0.07295
1083.927 0.07359
1084.087 0.07371
1084.237 0.07587
1084.397 0.07617
1084.557 0.0768
1084.717 0.07451
1084.867 0.0749
1085.027 0.07522
1085.187 0.07567
1085.347 0.0736
1085.497 0.0742
1085.657 0.07444
1085.817 0.07455
1085.977 0.07291
1086.127 0.07364
1086.287 0.07387
1086.447 0.07385
1086.607 0.0723
1086.757 0.07293
1086.917 0.07279
1087.067 0.07492
1087.227 0.07525
1087.387 0.07588
1087.547 0.07362
1087.697 0.07412
1087.857 0.07432
1088.017 0.07454
1088.177 0.07276
1088.327 0.07344
1088.487 0.07374
1088.647 0.07376
1088.807 0.07209
1088.957 0.07273
1089.117 0.07267
1089.267 0.07482
1089.427 0.07524
1089.587 0.07596
1089.747 0.07364
1089.897 0.07417
1090.057 0.07437
1090.217 0.07471
1090.377 0.07284
1090.527 0.07345
1090.687 0.07365
1090.847 0.07365
1091.007 0.07195
1091.157 0.0726
1091.317 0.07264
1091.467 0.07473
1091.627 0.07438
1091.787 0.07444
1091.947 0.0742
1092.097 0.07614
1092.257 0.07578
1092.417 0.07583
1092.577 0.07589
1092.727 0.0776
1092.887 0.0774
1093.047 0.0776
1093.207 0.07533
1093.357 0.07524
1093.517 0.07478
1093.667 0.077
1093.827 0.07684
1093.987 0.07694
1094.147 0.0767
1094.297 0.07879
1094.457 0.07851
1094.617 0.0786
1094.777 0.07854
1094.927 0.08031
1095.087 0.0801
1095.247 0.0803
1095.407 0.0781
1095.557 0.07747
1095.717 0.07711
1095.877 0.07717
1096.037 0.07513
1096.187 0.0752
1096.347 0.07489
1096.497 0.07696
1096.657 0.07671
1096.817 0.07671
1096.977 0.07664
1097.127 0.07844
1097.287 0.07813
1097.447 0.07826
1097.607 0.07602
1097.757 0.07598
1097.917 0.07564
1098.077 0.07581
1098.237 0.07381
1098.387 0.07386
1098.547 0.07367
1098.697 0.07583
1098.857 0.07553
1099.017 0.07555
1099.177 0.07534
1099.327 0.07725
1099.487 0.07705
1099.647 0.07727
1099.807 0.07722
1099.957 0.07897
1100.117 0.07863
1100.277 0.07879
1100.437 0.07683
1100.587 0.07694
1100.747 0.0767
1100.897 0.07902
1101.057 0.07884
1101.217 0.07895
1101.377 0.0786
1101.527 0.08069
1101.687 0.08047
1101.847 0.08058
1102.007 0.08049
1102.157 0.08234
1102.317 0.08202
1102.477 0.08213
1102.637 0.08002
1102.787 0.08006
1102.947 0.07973
1103.107 0.07987
1103.267 0.07784
1103.417 0.0779
1103.577 0.07758
1103.727 0.07967
1103.887 0.07881
1104.047 0.07899
1104.207 0.07878
1104.357 0.0808
1104.517 0.08053
1104.677 0.08071
1104.837 0.07859
1104.997 0.07731
1105.149 0.07652
1105.299 0.0786
1105.459 0.07789
1105.619 0.07733
1105.779 0.07699
1105.929 0.0788
1106.089 0.07801
1106.249 0.07761
1106.409 0.07738
1106.559 0.07898
1106.719 0.07801
1106.879 0.07777
1107.039 0.0756
1107.189 0.07504
1107.349 0.07423
1107.499 0.07647
1107.659 0.07582
1107.819 0.07536
1107.979 0.07479
1108.129 0.07677
1108.289 0.07604
1108.449 0.07557
1108.609 0.07531
1108.759 0.07696
1108.919 0.07671
1109.079 0.07643
1109.239 0.07638
1109.389 0.07777
1109.549 0.07693
1109.699 0.07908
1109.859 0.0786
1110.019 0.07808
1110.179 0.07736
1110.329 0.07943
1110.489 0.07872
1110.649 0.07833
1110.809 0.07798
1110.959 0.07989
1111.119 0.07912
1111.279 0.07892
1111.439 0.07889
1111.589 0.08032
1111.749 0.07953
1111.909 0.07935
1112.069 0.07709
1112.219 0.07607
1112.379 0.0753
1112.529 0.07753
1112.689 0.07699
1112.849 0.07663
1113.009 0.076
1113.159 0.07796
1113.319 0.07731
1113.479 0.07703
1113.639 0.07707
1113.789 0.07854
1113.949 0.07773
1114.109 0.07759
1114.269 0.07528
1114.419 0.07487
1114.579 0.0741
1114.729 0.07641
1114.889 0.07588
1115.049 0.07545
1115.209 0.07479
1115.359 0.07687
1115.519 0.07623
1115.679 0.076
1115.839 0.07597
1115.989 0.0776
1116.149 0.07683
1116.309 0.07665
1116.469 0.07663
1116.619 0.0781
1116.779 0.07736
1116.939 0.07734
1117.099 0.07507
1117.249 0.0754
1117.409 0.07479
1117.559 0.07706
1117.719 0.07647
1117.879 0.07618
1118.039 0.07586
1118.189 0.07761
1118.349 0.07835
1118.509 0.07866
1118.669 0.07656
1118.819 0.07689
1118.979 0.07684
1119.139 0.0769
1119.299 0.07505
1119.449 0.07535
1119.609 0.07522
1119.759 0.07739
1119.919 0.07733
1120.079 0.07772
1120.239 0.07767
1120.389 0.07957
1120.549 0.07962
1120.709 0.08001
1120.869 0.07773
1121.019 0.07799
1121.179 0.07787
1121.339 0.07809
1121.499 0.07612
1121.649 0.07637
1121.809 0.0762
1121.969 0.07618
1122.129 0.07447
1122.279 0.07483
1122.439 0.07472
1122.589 0.07679
1122.749 0.07676
1122.909 0.07714
1123.069 0.07478
1123.219 0.07503
1123.379 0.07498
1123.539 0.07535
1123.699 0.07335
1123.849 0.07365
1124.009 0.07361
1124.169 0.0738
1124.329 0.07181
1124.479 0.07213
1124.639 0.07183
1124.789 0.07395
1124.949 0.07397
1125.109 0.07427
1125.269 0.07416
1125.419 0.07622
1125.579 0.07672
1125.739 0.07714
1125.899 0.07501
1126.049 0.07523
1126.209 0.07508
1126.369 0.07537
1126.529 0.07335
1126.679 0.07359
1126.839 0.07345
1126.989 0.07556
1127.149 0.07565
1127.309 0.07596
1127.469 0.07581
1127.619 0.07794
1127.779 0.07796
1127.939 0.07834
1128.099 0.07622
1128.249 0.07642
1128.409 0.07628
1128.569 0.07658
1128.729 0.0745
1128.879 0.07484
1129.039 0.07466
1129.199 0.07463
1129.359 0.07283
1129.509 0.07318
1129.669 0.07295
1129.819 0.07508
1129.979 0.07503
1130.139 0.07532
1130.299 0.07542
1130.449 0.0774
1130.609 0.07733
1130.769 0.07763
1130.929 0.07545
1131.079 0.07569
1131.239 0.07546
1131.399 0.07555
1131.559 0.07371
1131.709 0.07401
1131.869 0.0739
1132.019 0.07618
1132.179 0.07606
1132.339 0.07643
1132.499 0.07621
1132.649 0.07823
1132.809 0.07813
1132.969 0.07836
1133.129 0.07615
1133.279 0.07641
1133.439 0.07626
1133.599 0.07648
1133.759 0.07455
1133.909 0.07475
1134.069 0.07453
1134.229 0.07467
1134.389 0.07286
1134.539 0.07312
1134.699 0.0729
1134.849 0.07496
1135.009 0.07484
1135.169 0.07512
1135.329 0.07502
1135.479 0.07693
1135.639 0.07684
1135.799 0.07718
1135.959 0.07515
1136.109 0.07534
1136.269 0.07515
1136.429 0.07527
1136.589 0.07335
1136.739 0.07366
1136.899 0.07338
1137.049 0.07553
1137.209 0.07552
1137.369 0.0758
1137.529 0.07553
1137.679 0.07767
1137.839 0.07751
1137.999 0.07789
1138.159 0.07583
1138.309 0.07598
1138.469 0.07583
1138.629 0.07604
1138.789 0.07399
1138.939 0.07437
1139.099 0.07422
1139.249 0.07645
1139.409 0.07642
1139.569 0.07672
1139.729 0.07643
1139.879 0.07855
1140.039 0.07846
1140.199 0.07879
1140.359 0.07662
1140.509 0.07677
1140.669 0.07664
1140.829 0.07691
1140.989 0.07482
1141.139 0.07504
1141.299 0.07477
1141.459 0.07472
1141.619 0.07284
1141.769 0.07314
1141.929 0.07293
1142.079 0.07514
1142.239 0.07497
1142.399 0.07541
1142.559 0.07539
1142.709 0.07737
1142.869 0.07719
1143.029 0.0775
1143.189 0.07537
1143.339 0.07561
1143.499 0.07539
1143.659 0.07539
1143.819 0.0735
1143.969 0.07368
1144.129 0.07341
1144.279 0.07563
1144.439 0.07548
1144.599 0.07588
1144.759 0.07579
1144.909 0.07773
1145.069 0.07755
1145.229 0.07778
1145.389 0.07555
1145.539 0.07576
1145.699 0.07554
1145.859 0.07587
1146.019 0.07388
1146.169 0.07408
1146.329 0.07385
1146.479 0.07605
1146.639 0.07583
1146.799 0.07614
1146.959 0.0759
1147.109 0.07789
1147.269 0.07771
1147.429 0.078
1147.589 0.07785
1147.739 0.07982
1147.899 0.0797
1148.059 0.07999
1148.219 0.07799
1148.369 0.07816
1148.529 0.07803
1148.689 0.07812
1148.849 0.07614
1148.999 0.07639
1149.159 0.0761
1149.309 0.07821
1149.469 0.07816
1149.629 0.07835
1149.789 0.07826
1149.939 0.08022
1150.099 0.08003
1150.259 0.08041
1150.419 0.07823
1150.569 0.07832
1150.729 0.07807
1150.889 0.07835
1151.049 0.07627
1151.199 0.07654
1151.359 0.07629
1151.509 0.07837
1151.669 0.07829
1151.829 0.07854
1151.989 0.07829
1152.139 0.0804
1152.299 0.0802
1152.459 0.08049
1152.619 0.07825
1152.769 0.0783
1152.929 0.07806
1153.089 0.07835
1153.249 0.07628
1153.399 0.07652
1153.559 0.0763
1153.709 0.07848
1153.869 0.07836
1154.029 0.07853
1154.189 0.07834
1154.339 0.08048
1154.499 0.08034
1154.659 0.08078
1154.819 0.08085
1154.969 0.08279
1155.129 0.08262
1155.289 0.08281
1155.449 0.08062
1155.599 0.08085
1155.759 0.0805
1155.919 0.08058
1156.079 0.07869
1156.229 0.07889
1156.389 0.07864
1156.539 0.08085
1156.699 0.08071
1156.859 0.08104
1157.019 0.081
1157.169 0.08293
1157.329 0.08284
1157.489 0.08316
1157.649 0.08095
1157.799 0.08125
1157.959 0.08102
1158.119 0.08121
1158.279 0.07926
1158.429 0.07949
1158.589 0.07923
1158.739 0.08147
1158.899 0.08137
1159.059 0.08169
1159.219 0.08135
1159.369 0.08335
1159.529 0.08322
1159.689 0.08353
1159.849 0.08135
1159.999 0.08163
1160.159 0.08143
1160.319 0.08178
1160.479 0.07988
1160.629 0.08005
1160.789 0.07976
1160.949 0.0799
1161.109 0.07788
1161.259 0.07816
1161.419 0.07784
1161.569 0.0798
1161.729 0.07974
1161.889 0.07996
1162.049 0.07992
1162.199 0.0819
1162.359 0.08165
1162.519 0.08196
1162.679 0.07986
1162.829 0.07995
1162.989 0.07979
1163.149 0.07996
1163.309 0.07801
1163.459 0.07822
1163.619 0.07794
1163.769 0.08003
1163.929 0.07988
1164.089 0.0801
1164.249 0.07985
1164.399 0.08192
1164.559 0.08175
1164.719 0.08208
1164.879 0.08001
1165.029 0.0801
1165.189 0.07984
1165.349 0.08009
1165.509 0.07807
1165.659 0.07827
1165.819 0.07789
1165.969 0.08008
1166.129 0.08
1166.289 0.08019
1166.449 0.07996
1166.599 0.08208
1166.759 0.08192
1166.919 0.08222
1167.079 0.08007
1167.229 0.08009
1167.389 0.07994
1167.549 0.08012
1167.709 0.07798
1167.859 0.07814
1168.019 0.07777
1168.179 0.07779
1168.339 0.07583
1168.489 0.07592
1168.649 0.07565
1168.799 0.07778
1168.959 0.07753
1169.119 0.07782
1169.279 0.07762
1169.429 0.07945
1169.589 0.07926
1169.749 0.07951
1169.909 0.07734
1170.059 0.07752
1170.219 0.07732
1170.379 0.07743
1170.539 0.07538
1170.689 0.07543
1170.849 0.07507
1170.999 0.07728
1171.159 0.07701
1171.319 0.0773
1171.479 0.07702
1171.629 0.07891
1171.789 0.07862
1171.949 0.07881
1172.109 0.07654
1172.259 0.07665
1172.419 0.07631
1172.579 0.07669
1172.739 0.07461
1172.889 0.0747
1173.049 0.07441
1173.199 0.07671
1173.359 0.07651
1173.519 0.07674
1173.679 0.07639
1173.829 0.07822
1173.989 0.07803
1174.147 0.0788
1174.307 0.0788
1174.457 0.08111
1174.617 0.08143
1174.777 0.0823
1174.937 0.08015
1175.087 0.08071
1175.247 0.08105
1175.407 0.08144
1175.567 0.07957
1175.717 0.08035
1175.877 0.08062
1176.037 0.08077
1176.197 0.07922
1176.347 0.07995
1176.507 0.07998
1176.657 0.08223
1176.817 0.08203
1176.977 0.08282
1177.137 0.0806
1177.287 0.08116
1177.447 0.0815
1177.607 0.08197
1177.767 0.07995
1177.917 0.08064
1178.077 0.08086
1178.237 0.08104
1178.397 0.07946
1178.547 0.08019
1178.707 0.08025
1178.867 0.08021
1179.027 0.07875
1179.177 0.07967
1179.337 0.07743
1179.487 0.07795
1179.647 0.07836
1179.807 0.07893
1179.967 0.07686
1180.117 0.07746
1180.277 0.07766
1180.437 0.07794
1180.597 0.07627
1180.747 0.07694
1180.907 0.077
1181.067 0.07706
1181.227 0.07549
1181.377 0.07627
1181.537 0.07624
1181.687 0.07839
1181.847 0.0788
1182.007 0.0795
1182.167 0.07732
1182.317 0.07797
1182.477 0.07824
1182.637 0.07879
1182.797 0.07698
1182.947 0.07771
1183.107 0.07781
1183.267 0.07785
1183.427 0.07623
1183.577 0.07691
1183.737 0.07695
1183.887 0.07919
1184.047 0.07958
1184.207 0.08026
1184.367 0.07795
1184.517 0.07855
1184.677 0.07879
1184.837 0.07942
1184.997 0.07757
1185.147 0.07768
1185.307 0.07793
1185.467 0.0781
1185.627 0.07636
1185.777 0.07717
1185.937 0.0772
1186.097 0.07735
1186.257 0.07601
1186.407 0.07662
1186.567 0.07428
1186.717 0.07476
1186.877 0.07498
1187.037 0.07574
1187.197 0.07371
1187.347 0.07443
1187.507 0.07415
1187.667 0.07438
1187.827 0.07221
1187.977 0.07236
1188.137 0.072
1188.297 0.07225
1188.457 0.07029
1188.607 0.07037
1188.767 0.07
1188.917 0.07219
1189.077 0.07203
1189.237 0.07228
1189.397 0.07196
1189.547 0.07384
1189.707 0.07353
1189.867 0.07372
1190.027 0.07147
1190.177 0.07207
1190.337 0.07178
1190.497 0.07218
1190.657 0.07008
1190.807 0.07023
1190.967 0.07003
1191.117 0.0723
1191.277 0.07206
1191.437 0.07232
1191.597 0.07193
1191.747 0.07386
1191.907 0.07367
1192.067 0.07393
1192.227 0.07395
1192.377 0.07586
1192.537 0.07552
1192.697 0.07589
1192.857 0.07371
1193.007 0.07381
1193.167 0.07353
1193.327 0.07355
1193.487 0.07162
1193.637 0.07188
1193.797 0.07159
1193.947 0.07367
1194.107 0.07355
1194.267 0.07389
1194.427 0.07381
1194.577 0.07571
1194.737 0.07553
1194.897 0.07582
1195.057 0.07375
1195.207 0.07393
1195.367 0.07364
1195.527 0.07375
1195.687 0.07175
1195.837 0.07199
1195.997 0.07167
1196.147 0.07379
1196.307 0.07356
1196.467 0.07384
1196.627 0.07372
1196.777 0.07569
1196.937 0.07555
1197.097 0.07588
1197.257 0.07367
1197.407 0.07388
1197.567 0.0738
1197.727 0.0741
1197.887 0.07199
1198.037 0.0722
1198.197 0.07195
1198.347 0.07408
1198.507 0.07453
1198.667 0.07482
1198.827 0.07459
1198.977 0.07671
1199.137 0.07652
1199.297 0.07691
1199.457 0.07668
1199.607 0.07868
1199.767 0.07865
1199.927 0.07904
1200.087 0.07698
1200.237 0.07727
1200.397 0.07707
1200.557 0.07723
1200.717 0.07528
1200.867 0.07569
1201.027 0.07548
1201.177 0.07766
1201.337 0.07754
1201.497 0.07786
1201.657 0.07762
1201.807 0.07969
1201.967 0.07966
1202.127 0.08011
1202.287 0.07799
1202.437 0.07826
1202.597 0.07811
1202.757 0.07846
1202.917 0.07658
1203.067 0.07708
1203.227 0.07703
1203.387 0.07705
1203.547 0.07539
1203.697 0.0758
1203.857 0.07547
1204.007 0.07777
1204.167 0.07787
1204.327 0.07838
1204.487 0.07611
1204.637 0.0765
1204.797 0.07645
1204.957 0.07687
1205.117 0.07486
1205.267 0.07536
1205.427 0.0754
1205.587 0.07556
1205.747 0.07377
1205.897 0.07427
1206.057 0.07412
1206.207 0.07648
1206.367 0.07665
1206.527 0.07728
1206.687 0.0772
1206.837 0.07928
1206.997 0.07936
1207.157 0.07981
1207.317 0.07765
1207.467 0.0782
1207.627 0.07831
1207.787 0.07865
1207.947 0.07682
1208.097 0.07734
1208.257 0.07736
1208.417 0.07742
1208.577 0.07578
1208.727 0.07652
1208.887 0.07649
1209.037 0.07871
1209.197 0.07893
1209.357 0.07955
1209.517 0.0773
1209.667 0.07793
1209.827 0.0783
1209.987 0.07881
1210.147 0.07708
1210.297 0.07768
1210.457 0.07775
1210.617 0.07799
1210.777 0.07626
1210.927 0.07701
1211.087 0.07705
1211.237 0.07939
1211.397 0.07968
1211.557 0.08036
1211.717 0.07816
1211.867 0.07881
1212.027 0.07922
1212.187 0.07998
1212.347 0.07788
1212.497 0.07854
1212.657 0.07876
1212.817 0.07915
1212.977 0.07722
1213.127 0.07801
1213.287 0.07809
1213.447 0.07815
1213.607 0.07666
1213.757 0.07728
1213.917 0.0773
1214.067 0.07959
1214.227 0.0799
1214.387 0.08068
1214.547 0.07843
1214.697 0.07897
1214.857 0.07928
1215.017 0.07978
1215.177 0.0778
1215.327 0.07854
1215.487 0.07882
1215.647 0.07899
1215.807 0.07733
1215.957 0.07803
1216.117 0.07811
1216.277 0.07822
1216.437 0.07675
1216.587 0.07761
1216.747 0.07766
1216.897 0.07984
1217.057 0.08013
1217.217 0.08077
1217.377 0.07848
1217.527 0.0791
1217.687 0.0794
1217.847 0.07991
1218.007 0.07795
1218.157 0.07867
1218.317 0.07889
1218.477 0.07901
1218.637 0.07736
1218.787 0.07817
1218.947 0.07824
1219.097 0.08036
1219.257 0.08072
1219.417 0.08131
1219.577 0.07895
1219.727 0.0795
1219.887 0.07978
1220.047 0.08041
1220.207 0.07843
1220.357 0.07902
1220.517 0.07929
1220.677 0.07955
1220.837 0.07767
1220.987 0.07846
1221.147 0.07862
1221.307 0.07879
1221.467 0.07726
1221.617 0.07793
1221.777 0.07793
1221.927 0.08019
1222.087 0.0805
1222.247 0.08128
1222.407 0.079
1222.557 0.0795
1222.717 0.07978
1222.877 0.08027
1223.037 0.07823
1223.187 0.07896
1223.347 0.07922
1223.507 0.07923
1223.667 0.07757
1223.817 0.07823
1223.977 0.07829
1224.137 0.07831
1224.297 0.07678
1224.447 0.07767
1224.607 0.07537
1224.757 0.07579
1224.917 0.07614
1225.077 0.07669
1225.237 0.07448
1225.387 0.07502
1225.547 0.07518
1225.707 0.07555
1225.867 0.07363
1226.017 0.07428
1226.177 0.07452
1226.337 0.07463
1226.497 0.07293
1226.647 0.07371
1226.807 0.07381
1226.957 0.07599
1227.117 0.07645
1227.277 0.07708
1227.437 0.07476
1227.587 0.07527
1227.747 0.07562
1227.907 0.07626
1228.067 0.07422
1228.217 0.07484
1228.377 0.07509
1228.537 0.07522
1228.697 0.07347
1228.847 0.07417
1229.007 0.07436
1229.167 0.07438
1229.327 0.07286
1229.477 0.07351
1229.637 0.07348
1229.787 0.07577
1229.947 0.07603
1230.107 0.07674
1230.267 0.07456
1230.417 0.07511
1230.577 0.07542
1230.737 0.07579
1230.897 0.07387
1231.047 0.07455
1231.207 0.07469
1231.367 0.07496
1231.527 0.07328
1231.677 0.07389
1231.837 0.07404
1231.987 0.07637
1232.147 0.07656
1232.307 0.07729
1232.467 0.0752
1232.617 0.07564
1232.777 0.07603
1232.937 0.07658
1233.097 0.07447
1233.247 0.07518
1233.407 0.07544
1233.567 0.07569
1233.727 0.07397
1233.877 0.07459
1234.037 0.07479
1234.197 0.07485
1234.357 0.07319
1234.507 0.07394
1234.667 0.07392
1234.817 0.07611
1234.977 0.07646
1235.137 0.07705
1235.297 0.07484
1235.447 0.0754
1235.607 0.07565
1235.767 0.07629
1235.927 0.07434
1236.077 0.07498
1236.237 0.07527
1236.397 0.07537
1236.557 0.07353
1236.707 0.07422
1236.867 0.07427
1237.017 0.07653
1237.177 0.07695
1237.337 0.07765
1237.497 0.07758
1237.647 0.07987
1237.807 0.0801
1237.967 0.08079
1238.127 0.07861
1238.277 0.07915
1238.437 0.07937
1238.597 0.07961
1238.757 0.07772
1238.907 0.07847
1239.067 0.07863
1239.227 0.07884
1239.387 0.07728
1239.537 0.07786
1239.697 0.07787
1239.847 0.08024
1240.007 0.08052
1240.167 0.08111
1240.327 0.07883
1240.477 0.0792
1240.637 0.07949
1240.797 0.07999
1240.957 0.07793
1241.107 0.07851
1241.267 0.07866
1241.427 0.079
1241.587 0.07727
1241.737 0.07791
1241.897 0.07805
1242.057 0.07806
1242.217 0.07654
1242.367 0.07722
1242.527 0.07718
1242.677 0.07942
1242.837 0.07978
1242.997 0.08031
1243.157 0.07809
1243.307 0.07853
1243.467 0.07868
1243.627 0.07911
1243.787 0.07727
1243.937 0.07787
1244.097 0.07814
1244.257 0.07826
1244.417 0.0765
1244.567 0.07715
1244.727 0.07717
1244.877 0.07946
1245.037 0.07992
1245.197 0.0805
1245.357 0.07814
1245.507 0.07868
1245.667 0.079
1245.827 0.07954
1245.987 0.07743
1246.137 0.07799
1246.297 0.07824
1246.457 0.07843
1246.617 0.07656
1246.767 0.07718
1246.927 0.07734
1247.087 0.07746
1247.247 0.07594
1247.397 0.07654
1247.557 0.07665
1247.707 0.07906
1247.867 0.07934
1248.027 0.08001
1248.187 0.07778
1248.337 0.07829
1248.497 0.07866
1248.657 0.07898
1248.817 0.07701
1248.967 0.07769
1249.127 0.07782
1249.287 0.07808
1249.447 0.07638
1249.597 0.07699
1249.757 0.07714
1249.907 0.07949
1250.067 0.07972
1250.227 0.08037
1250.387 0.07813
1250.537 0.07853
1250.697 0.07888
1250.857 0.07947
1251.017 0.07729
1251.167 0.07789
1251.327 0.07816
1251.487 0.07857
1251.647 0.07677
1251.797 0.07746
1251.957 0.07764
1252.117 0.07764
1252.277 0.07597
1252.427 0.07674
1252.587 0.07676
1252.737 0.07894
1252.897 0.07929
1253.057 0.07991
1253.217 0.07751
1253.367 0.07813
1253.527 0.07844
1253.687 0.07903
1253.847 0.07714
1253.997 0.07778
1254.157 0.07813
1254.317 0.07829
1254.477 0.0765
1254.627 0.07722
1254.787 0.07722
1254.937 0.07952
1255.097 0.07996
1255.257 0.0806
1255.417 0.08054
1255.567 0.08287
1255.727 0.08307
1255.887 0.08375
1256.047 0.08157
1256.197 0.08225
1256.357 0.08254
1256.517 0.08279
1256.677 0.08096
1256.827 0.08169
1256.987 0.08188
1257.147 0.082
1257.307 0.08044
1257.457 0.08105
1257.617 0.08107
1257.767 0.08344
1257.927 0.08371
1258.087 0.08438
1258.247 0.08206
1258.397 0.08247
1258.557 0.08271
1258.717 0.08317
1258.877 0.0811
1259.027 0.08167
1259.187 0.08181
1259.347 0.0822
1259.507 0.08043
1259.666 0.07991
1259.816 0.08039
1259.976 0.08049
1260.136 0.07896
1260.286 0.07994
1260.446 0.08007
1260.596 0.08244
1260.756 0.08311
1260.916 0.08386
1261.076 0.08158
1261.226 0.08223
1261.386 0.08266
1261.546 0.08345
1261.706 0.08147
1261.856 0.08236
1262.016 0.08294
1262.176 0.08317
1262.336 0.08138
1262.486 0.08234
1262.646 0.08259
1262.806 0.08276
1262.966 0.08143
1263.116 0.08236
1263.276 0.08015
1263.426 0.08077
1263.586 0.08131
1263.746 0.08214
1263.906 0.07999
1264.056 0.08075
1264.216 0.08136
1264.376 0.08179
1264.536 0.07978
1264.686 0.08067
1264.846 0.08107
1265.006 0.08117
1265.166 0.07987
1265.316 0.08084
1265.476 0.08127
1265.636 0.08138
1265.796 0.07997
1265.946 0.08088
1266.106 0.07866
1266.256 0.07942
1266.416 0.08003
1266.576 0.08074
1266.736 0.07859
1266.886 0.07949
1267.046 0.07988
1267.206 0.08016
1267.366 0.07851
1267.516 0.07935
1267.676 0.07978
1267.836 0.0799
1267.996 0.07837
1268.146 0.07934
1268.306 0.07721
1268.456 0.07771
1268.616 0.07843
1268.776 0.0793
1268.936 0.07695
1269.086 0.07771
1269.246 0.07818
1269.406 0.07877
1269.566 0.07672
1269.716 0.07768
1269.876 0.07817
1270.036 0.07832
1270.196 0.07664
1270.346 0.07754
1270.506 0.07783
1270.666 0.07795
1270.826 0.07671
1270.976 0.07757
1271.136 0.07537
1271.286 0.07599
1271.446 0.0765
1271.606 0.07725
1271.766 0.07525
1271.916 0.07606
1272.076 0.0767
1272.236 0.077
1272.396 0.07515
1272.546 0.07609
1272.706 0.07637
1272.866 0.07653
1273.026 0.07634
1273.176 0.07689
1273.336 0.07707
1273.486 0.07935
1273.646 0.0795
1273.806 0.08016
1273.966 0.07782
1274.116 0.07829
1274.276 0.07867
1274.436 0.07918
1274.596 0.07699
1274.746 0.07759
1274.906 0.07775
1275.066 0.07798
1275.226 0.07612
1275.376 0.07677
1275.536 0.07701
1275.696 0.07715
1275.856 0.07543
1276.006 0.07612
1276.166 0.07611
1276.316 0.0784
1276.476 0.07866
1276.636 0.07921
1276.796 0.07689
1276.946 0.07739
1277.106 0.07769
1277.266 0.07822
1277.426 0.07618
1277.576 0.07674
1277.736 0.07705
1277.896 0.07724
1278.056 0.07532
1278.206 0.07597
1278.366 0.07611
1278.526 0.07589
1278.686 0.07449
1278.836 0.07512
1278.996 0.07516
1279.146 0.07745
1279.306 0.07767
1279.466 0.07829
1279.626 0.07601
1279.776 0.07652
1279.936 0.07689
1280.096 0.07729
1280.256 0.07517
1280.406 0.07586
1280.566 0.07613
1280.726 0.07618
1280.886 0.07455
1281.036 0.07518
1281.196 0.07529
1281.346 0.07752
1281.506 0.07777
1281.666 0.07837
1281.826 0.07605
1281.976 0.07641
1282.136 0.07679
1282.296 0.07737
1282.456 0.07523
1282.606 0.07584
1282.766 0.07609
1282.926 0.07628
1283.086 0.07446
1283.236 0.07514
1283.396 0.07545
1283.556 0.07551
1283.716 0.074
1283.866 0.07463
1284.026 0.07459
1284.176 0.07681
1284.336 0.0773
1284.496 0.07788
1284.656 0.07558
1284.806 0.07605
1284.966 0.07637
1285.126 0.07656
1285.286 0.07476
1285.436 0.07546
1285.596 0.07578
1285.756 0.07604
1285.916 0.07428
1286.066 0.07494
1286.226 0.07501
1286.376 0.07731
1286.536 0.07773
1286.696 0.07832
1286.856 0.07608
1287.006 0.07665
1287.166 0.07701
1287.326 0.07759
1287.486 0.07542
1287.636 0.076
1287.796 0.07639
1287.956 0.07671
1288.116 0.07482
1288.266 0.07546
1288.426 0.07562
1288.586 0.07552
1288.746 0.07396
1288.896 0.07467
1289.056 0.07479
1289.206 0.07724
1289.366 0.07754
1289.526 0.07806
1289.686 0.07571
1289.836 0.07632
1289.996 0.07676
1290.156 0.07725
1290.316 0.07525
1290.476 0.07427
1290.626 0.0745
1290.786 0.07453
1290.946 0.07284
1291.106 0.07246
1291.256 0.07265
1291.406 0.07477
1291.566 0.07499
1291.726 0.07561
1291.886 0.07565
1292.036 0.07787
1292.196 0.07817
1292.356 0.07876
1292.516 0.07649
1292.666 0.07708
1292.826 0.07736
1292.986 0.07758
1293.146 0.07579
1293.296 0.07636
1293.456 0.07652
1293.616 0.07669
1293.776 0.07506
1293.926 0.07562
1294.086 0.07561
1294.236 0.07801
1294.396 0.07836
1294.556 0.07894
1294.716 0.07669
1294.866 0.07717
1295.026 0.07747
1295.186 0.07796
1295.346 0.07596
1295.496 0.07654
1295.656 0.07681
1295.816 0.07714
1295.976 0.07537
1296.126 0.07596
1296.286 0.07608
1296.446 0.07597
1296.606 0.07449
1296.756 0.07503
1296.916 0.07502
1297.066 0.07719
1297.226 0.07747
1297.386 0.07804
1297.546 0.07589
1297.696 0.0764
1297.856 0.07666
1298.016 0.07719
1298.176 0.07524
1298.326 0.07583
1298.486 0.07601
1298.646 0.07597
1298.806 0.07418
1298.956 0.07484
1299.116 0.07486
1299.266 0.07721
1299.426 0.07744
1299.586 0.07795
1299.746 0.07554
1299.896 0.07594
1300.056 0.07619
1300.216 0.07664
1300.376 0.07445
1300.526 0.07492
1300.686 0.07511
1300.846 0.07533
1301.006 0.07347
1301.156 0.074
1301.316 0.07408
1301.476 0.07416
1301.636 0.07257
1301.786 0.07324
1301.946 0.07323
1302.106 0.07324
1302.256 0.07341
1302.416 0.07393
1302.576 0.07153
1302.736 0.07016
1302.886 0.07041
1303.046 0.07074
1303.206 0.06875
1303.356 0.0693
1303.516 0.06943
1303.676 0.06955
1303.836 0.06933
1303.986 0.06983
1304.146 0.06994
1304.296 0.07219
1304.456 0.07342
1304.616 0.07401
1304.776 0.07191
1304.926 0.07242
1305.086 0.07271
1305.246 0.07313
1305.406 0.07094
1305.556 0.07141
1305.716 0.07153
1305.876 0.07196
1306.036 0.06996
1306.186 0.07053
1306.346 0.07072
1306.506 0.07061
1306.666 0.06902
1306.816 0.06962
1306.976 0.06969
1307.126 0.0719
1307.286 0.07211
1307.446 0.07271
1307.606 0.07035
1307.756 0.07084
1307.916 0.0711
1308.076 0.07121
1308.236 0.06917
1308.386 0.06979
1308.546 0.0699
1308.706 0.06999
1308.866 0.0682
1309.016 0.06877
1309.176 0.06888
1309.326 0.07105
1309.486 0.07124
1309.646 0.07184
1309.806 0.07186
1309.956 0.0741
1310.116 0.07436
1310.276 0.07492
1310.436 0.07279
1310.596 0.07159
1310.748 0.0712
1310.908 0.07122
1311.058 0.07087
1311.218 0.07083
1311.378 0.0704
1311.528 0.07256
1311.688 0.0722
1311.848 0.07229
1312.008 0.0723
1312.158 0.07412
1312.318 0.0736
1312.478 0.07365
1312.638 0.07131
1312.788 0.07128
1312.948 0.07089
1313.108 0.07104
1313.268 0.06897
1313.418 0.06886
1313.578 0.0685
1313.728 0.07077
1313.888 0.07048
1314.048 0.07054
1314.208 0.0703
1314.358 0.07227
1314.518 0.07192
1314.678 0.07196
1314.838 0.07187
1314.988 0.07361
1315.148 0.07312
1315.308 0.07327
1315.468 0.07333
1315.618 0.07316
1315.778 0.07266
1315.928 0.07496
1316.088 0.07646
1316.248 0.07652
1316.408 0.07654
1316.558 0.07855
1316.718 0.07812
1316.878 0.07811
1317.038 0.07792
1317.188 0.07979
1317.348 0.07944
1317.508 0.07952
1317.668 0.07736
1317.818 0.07725
1317.978 0.07674
1318.138 0.07686
1318.298 0.07465
1318.448 0.07459
1318.608 0.07424
1318.758 0.07641
1318.918 0.07596
1319.078 0.07592
1319.238 0.0755
1319.398 0.07566
1319.548 0.07529
1319.708 0.0754
1319.868 0.07552
1320.028 0.07578
1320.178 0.07531
1320.338 0.0753
1320.498 0.07312
1320.658 0.07221
1320.808 0.07176
1320.968 0.07181
1321.128 0.06968
1321.278 0.06954
1321.438 0.06951
1321.588 0.07167
1321.748 0.0712
1321.908 0.07129
1322.068 0.07117
1322.218 0.07301
1322.378 0.0725
1322.538 0.07247
1322.698 0.0702
1322.848 0.07018
1323.008 0.06976
1323.168 0.06995
1323.328 0.06768
1323.478 0.06752
1323.638 0.06703
1323.788 0.06929
1323.948 0.07062
1324.108 0.0712
1324.268 0.07112
1324.418 0.07149
1324.578 0.07159
1324.738 0.07158
1324.898 0.06942
1325.048 0.07006
1325.208 0.07022
1325.368 0.07036
1325.528 0.06864
1325.678 0.06917
1325.838 0.06918
1325.998 0.06923
1326.158 0.06769
1326.308 0.06835
1326.468 0.06823
1326.618 0.0704
1326.778 0.07066
1326.938 0.07115
1327.098 0.06888
1327.248 0.06934
1327.408 0.06944
1327.568 0.06973
1327.728 0.06781
1327.878 0.06825
1328.038 0.06831
1328.198 0.06844
1328.358 0.06669
1328.508 0.06742
1328.668 0.06748
1328.818 0.06968
1328.978 0.07003
1329.138 0.07052
1329.298 0.06817
1329.448 0.06862
1329.608 0.06871
1329.768 0.06893
1329.928 0.06692
1330.078 0.06741
1330.238 0.06759
1330.398 0.06784
1330.558 0.06596
1330.708 0.06658
1330.868 0.06666
1331.028 0.06664
1331.188 0.06504
1331.338 0.06552
1331.498 0.06545
1331.658 0.06551
1331.808 0.06576
1331.968 0.06641
1332.128 0.06428
1332.278 0.06483
1332.438 0.065
1332.598 0.0653
1332.758 0.06523
1332.908 0.06585
1333.068 0.06586
1333.228 0.06584
1333.388 0.06564
1333.538 0.06621
1333.698 0.06625
1333.848 0.06865
1334.008 0.06977
1334.168 0.07049
1334.328 0.07036
1334.478 0.07248
1334.638 0.07262
1334.798 0.07307
1334.958 0.07097
1335.108 0.07161
1335.268 0.07171
1335.428 0.07198
1335.588 0.0702
1335.738 0.07079
1335.898 0.07077
1336.058 0.07078
1336.218 0.06914
1336.368 0.06985
1336.528 0.0697
1336.678 0.07197
1336.838 0.07216
1336.998 0.07264
1337.158 0.07034
1337.308 0.07092
1337.468 0.07111
1337.628 0.07159
1337.788 0.06964
1337.938 0.07024
1338.098 0.07078
1338.258 0.07085
1338.418 0.06897
1338.568 0.06957
1338.728 0.06953
1338.878 0.07165
1339.038 0.07195
1339.198 0.0725
1339.358 0.07243
1339.508 0.07458
1339.668 0.07467
1339.828 0.07527
1339.988 0.07316
1340.148 0.07194
1340.298 0.07205
1340.458 0.07227
1340.618 0.07034
1340.778 0.06981
1340.928 0.06997
1341.088 0.06998
1341.248 0.06837
1341.408 0.06929
1341.558 0.06921
1341.708 0.07152
1341.868 0.07165
1342.028 0.07223
1342.188 0.07003
1342.338 0.07044
1342.498 0.07058
1342.658 0.07101
1342.818 0.06893
1342.968 0.06958
1343.128 0.06965
1343.288 0.06974
1343.448 0.06803
1343.598 0.06856
1343.758 0.06853
1343.908 0.07085
1344.068 0.07099
1344.228 0.07165
1344.388 0.07147
1344.538 0.07362
1344.698 0.07389
1344.858 0.07438
1345.018 0.07443
1345.168 0.07488
1345.328 0.07491
1345.488 0.07517
1345.648 0.07331
1345.798 0.07384
1345.958 0.07391
1346.118 0.07397
1346.278 0.07225
1346.428 0.07292
1346.588 0.07298
1346.738 0.07511
1346.898 0.07524
1347.058 0.0757
1347.218 0.0733
1347.368 0.07371
1347.528 0.07373
1347.688 0.0742
1347.848 0.07219
1347.998 0.07268
1348.158 0.07275
1348.318 0.07288
1348.478 0.07097
1348.628 0.07159
1348.788 0.07159
1348.938 0.0737
1349.098 0.07385
1349.258 0.07438
1349.418 0.07434
1349.568 0.07654
1349.728 0.07659
1349.888 0.07729
1350.048 0.07509
1350.198 0.07552
1350.358 0.07574
1350.518 0.07601
1350.678 0.07398
1350.828 0.07444
1350.988 0.0744
1351.148 0.07439
1351.308 0.07271
1351.458 0.0732
1351.618 0.0732
1351.778 0.07326
1351.928 0.07345
1352.088 0.07411
1352.248 0.07182
1352.408 0.07031
1352.558 0.07046
1352.718 0.07089
1352.878 0.06881
1353.028 0.06938
1353.188 0.06946
1353.348 0.06961
1353.508 0.06953
1353.658 0.07005
1353.818 0.07015
1353.968 0.07244
1354.128 0.07369
1354.288 0.0742
1354.448 0.07408
1354.598 0.07618
1354.758 0.07595
1354.918 0.07641
1355.078 0.07417
1355.228 0.07464
1355.388 0.07476
1355.548 0.07512
1355.708 0.07321
1355.858 0.07374
1356.018 0.07377
1356.178 0.07373
1356.338 0.07195
1356.488 0.07252
1356.648 0.07247
1356.798 0.07453
1356.958 0.07468
1357.118 0.07521
1357.278 0.07284
1357.428 0.07325
1357.588 0.07329
1357.748 0.07382
1357.908 0.07181
1358.058 0.0723
1358.218 0.07236
1358.378 0.0725
1358.538 0.07063
1358.688 0.07127
1358.848 0.07134
1358.998 0.07354
1359.158 0.07376
1359.318 0.0744
1359.478 0.07427
1359.628 0.07645
1359.788 0.07653
1359.948 0.07706
1360.108 0.07493
1360.258 0.07542
1360.418 0.0756
1360.578 0.07591
1360.738 0.0739
1360.898 0.07315
1361.048 0.07321
1361.208 0.07326
1361.368 0.07168
1361.528 0.07165
1361.678 0.07153
1361.828 0.07387
1361.988 0.07404
1362.148 0.0747
1362.308 0.07244
1362.458 0.07285
1362.618 0.07302
1362.778 0.07346
1362.938 0.07139
1363.088 0.07193
1363.248 0.07189
1363.408 0.07205
1363.568 0.07041
1363.718 0.07099
1363.878 0.07101
1364.038 0.07102
1364.198 0.06947
1364.348 0.07014
1364.508 0.07008
1364.658 0.07226
1364.818 0.07249
1364.978 0.07295
1365.138 0.07295
1365.288 0.07344
1365.448 0.07349
1365.608 0.07401
1365.768 0.07397
1365.918 0.0745
1366.078 0.07457
1366.228 0.07684
1366.388 0.07697
1366.548 0.0776
1366.708 0.07753
1366.858 0.07969
1367.018 0.07991
1367.178 0.08044
1367.338 0.07809
1367.488 0.0786
1367.648 0.0788
1367.808 0.07938
1367.968 0.07743
1368.118 0.07794
1368.278 0.0781
1368.438 0.07817
1368.598 0.07643
1368.748 0.07702
1368.908 0.07698
1369.068 0.07697
1369.228 0.07548
1369.378 0.07606
1369.538 0.07607
1369.688 0.07826
1369.848 0.07838
1370.008 0.079
1370.168 0.07686
1370.318 0.07738
1370.478 0.07755
1370.638 0.07792
1370.798 0.07594
1370.948 0.07649
1371.108 0.0766
1371.268 0.07672
1371.428 0.07502
1371.578 0.07552
1371.738 0.07549
1371.898 0.07544
1372.048 0.07556
1372.208 0.07606
1372.368 0.07372
1372.528 0.07213
1372.678 0.07219
1372.838 0.07267
1372.998 0.07056
1373.158 0.06935
1373.308 0.06945
1373.468 0.06965
1373.628 0.06785
1373.778 0.06841
1373.938 0.06843
1374.098 0.06843
1374.258 0.0682
1374.408 0.06885
1374.568 0.06882
1374.718 0.07089
1374.878 0.07166
1375.038 0.07218
1375.198 0.06988
1375.348 0.07026
1375.508 0.0702
1375.668 0.07069
1375.828 0.06869
1375.978 0.06922
1376.138 0.06931
1376.298 0.06932
1376.458 0.06748
1376.608 0.06809
1376.768 0.06816
1376.918 0.07026
1377.078 0.07038
1377.238 0.07088
1377.398 0.07077
1377.548 0.07294
1377.708 0.07305
1377.868 0.0736
1378.028 0.0715
1378.178 0.07203
1378.338 0.07216
1378.498 0.07226
1378.658 0.07037
1378.808 0.07101
1378.968 0.07097
1379.128 0.07108
1379.288 0.06945
1379.438 0.07003
1379.598 0.0677
1379.748 0.06828
1379.908 0.06836
1380.068 0.06902
1380.228 0.06683
1380.378 0.06724
1380.538 0.06729
1380.698 0.06764
1380.858 0.06558
1381.008 0.06614
1381.168 0.0661
1381.328 0.06615
1381.488 0.06448
1381.648 0.06431
1381.798 0.06437
1381.948 0.06654
1382.108 0.06661
1382.268 0.06716
1382.428 0.06704
1382.578 0.06922
1382.738 0.06939
1382.898 0.06989
1383.058 0.06786
1383.208 0.06839
1383.368 0.06842
1383.528 0.06874
1383.688 0.06681
1383.838 0.06738
1383.998 0.06735
1384.158 0.0673
1384.318 0.06563
1384.468 0.06624
1384.628 0.06616
1384.778 0.06833
1384.938 0.06861
1385.098 0.06913
1385.258 0.06929
1385.408 0.06989
1385.568 0.06994
1385.728 0.07043
1385.888 0.07039
1386.038 0.07103
1386.198 0.07111
1386.358 0.07113
1386.518 0.07114
1386.668 0.07165
1386.828 0.07166
1386.978 0.07384
1387.138 0.074
1387.298 0.07452
1387.458 0.07447
1387.608 0.07661
1387.768 0.07663
1387.928 0.07715
1388.088 0.07508
1388.238 0.07568
1388.398 0.07586
1388.558 0.07603
1388.718 0.07428
1388.868 0.07501
1389.028 0.07502
1389.188 0.07507
1389.348 0.07343
1389.498 0.07404
1389.658 0.07394
1389.808 0.07622
1389.968 0.07637
1390.128 0.07695
1390.288 0.07469
1390.438 0.07523
1390.598 0.0754
1390.758 0.07577
1390.918 0.07381
1391.068 0.07435
1391.228 0.07438
1391.388 0.07464
1391.548 0.07279
1391.698 0.07348
1391.858 0.07354
1392.008 0.07584
1392.168 0.076
1392.328 0.07657
1392.488 0.0764
1392.648 0.07643
1392.798 0.07653
1392.958 0.07706
1393.118 0.07475
1393.278 0.07351
1393.428 0.07355
1393.588 0.07391
1393.748 0.07203
1393.908 0.0715
1394.058 0.07157
1394.218 0.07149
1394.378 0.06977
1394.528 0.0704
1394.688 0.07035
1394.838 0.07262
1394.998 0.07356
1395.158 0.07416
1395.318 0.0719
1395.468 0.07237
1395.628 0.0725
1395.788 0.07305
1395.948 0.07095
1396.105 0.07204
1396.255 0.07303
1396.415 0.07372
1396.575 0.07184
1396.725 0.07319
1396.885 0.07412
1397.045 0.07476
1397.205 0.07334
1397.355 0.07486
1397.515 0.0756
1397.675 0.0758
1397.835 0.07472
1397.985 0.07612
1398.145 0.0743
1398.305 0.07298
1398.465 0.07227
1398.615 0.07327
1398.775 0.07116
1398.925 0.07244
1399.085 0.0734
1399.245 0.07417
1399.405 0.07252
1399.555 0.07396
1399.715 0.07482
1399.875 0.07504
1400.035 0.07386
1400.185 0.07533
1400.345 0.07368
1400.505 0.07232
1400.665 0.07154
1400.825 0.07206
1400.975 0.07002
1401.125 0.07118
1401.285 0.0722
1401.445 0.07314
1401.605 0.07116
1401.755 0.07246
1401.915 0.0734
1402.075 0.0737
1402.235 0.07217
1402.385 0.07369
1402.545 0.07445
1402.705 0.07481
1402.865 0.07385
1403.015 0.07526
1403.175 0.07327
1403.335 0.07177
1403.495 0.07095
1403.645 0.07208
1403.805 0.07006
1403.955 0.07137
1404.115 0.07244
1404.275 0.07296
1404.435 0.07128
1404.585 0.07264
1404.745 0.07338
1404.905 0.07391
1405.065 0.07259
1405.215 0.07395
1405.375 0.07205
1405.535 0.07041
1405.695 0.06949
1405.845 0.0709
1406.005 0.07117
1406.155 0.07225
1406.315 0.07333
1406.475 0.07407
1406.635 0.07389
1406.785 0.07515
1406.945 0.07595
1407.105 0.07653
1407.265 0.07627
1407.415 0.07768
1407.575 0.07836
1407.735 0.07856
1407.895 0.07743
1408.045 0.07884
1408.205 0.07698
1408.365 0.07571
1408.525 0.07495
1408.675 0.0759
1408.835 0.07387
1408.985 0.07507
1409.145 0.07594
1409.305 0.07677
1409.465 0.07454
1409.615 0.07507
1409.775 0.07518
1409.935 0.07555
1410.095 0.07352
1410.245 0.07409
1410.405 0.07398
1410.565 0.07415
1410.725 0.07241
1410.875 0.07287
1411.035 0.07288
1411.185 0.07516
1411.345 0.07521
1411.505 0.07589
1411.665 0.07577
1411.825 0.07574
1411.975 0.0758
1412.135 0.07625
1412.295 0.07414
1412.455 0.07268
1412.605 0.0726
1412.765 0.07282
1412.925 0.07092
1413.085 0.07036
1413.235 0.07035
1413.395 0.07021
1413.555 0.06846
1413.705 0.06898
1413.865 0.06885
1414.015 0.071
1414.175 0.07189
1414.335 0.07187
1414.495 0.06963
1414.645 0.07004
1414.805 0.07006
1414.965 0.07065
1415.125 0.06866
1415.275 0.06917
1415.435 0.06924
1415.595 0.06915
1415.755 0.06729
1415.905 0.06778
1416.065 0.06765
1416.215 0.06968
1416.375 0.06981
1416.535 0.07041
1416.695 0.07042
1416.845 0.07254
1417.005 0.07263
1417.165 0.07317
1417.325 0.07094
1417.475 0.07141
1417.635 0.07145
1417.795 0.07152
1417.955 0.06965
1418.105 0.07006
1418.265 0.06995
1418.425 0.07008
1418.585 0.06843
1418.735 0.06895
1418.895 0.06886
1419.045 0.07106
1419.205 0.07103
1419.365 0.07159
1419.525 0.06935
1419.675 0.0697
1419.835 0.06973
1419.995 0.07009
1420.155 0.06812
1420.305 0.06865
1420.465 0.06866
1420.625 0.06876
1420.785 0.06709
1420.935 0.0677
1421.095 0.06758
1421.245 0.06991
1421.405 0.06999
1421.565 0.07051
1421.725 0.07032
1421.875 0.07241
1422.035 0.07256
1422.195 0.07299
1422.355 0.07091
1422.505 0.07146
1422.665 0.07068
1422.825 0.07091
1422.985 0.06903
1423.135 0.06949
1423.295 0.06945
1423.455 0.06928
1423.615 0.06747
1423.765 0.06811
1423.925 0.06797
1424.085 0.06784
1424.235 0.068
1424.395 0.06851
1424.555 0.06625
1424.705 0.06669
1424.865 0.06662
1425.025 0.06703
1425.185 0.06718
1425.335 0.06771
1425.495 0.06772
1425.655 0.06768
1425.815 0.06776
1425.965 0.06834
1426.125 0.06832
1426.275 0.07046
1426.435 0.07165
1426.595 0.07222
1426.755 0.07225
1426.905 0.07455
1427.065 0.07462
1427.225 0.07517
1427.385 0.07295
1427.535 0.07345
1427.695 0.07401
1427.855 0.07405
1428.015 0.07214
1428.165 0.07266
1428.325 0.0725
1428.485 0.07248
1428.645 0.07076
1428.795 0.07135
1428.955 0.07135
1429.105 0.07355
1429.265 0.07366
1429.425 0.07424
1429.585 0.07204
1429.735 0.07252
1429.895 0.07258
1430.055 0.07288
1430.215 0.0709
1430.365 0.07149
1430.525 0.07149
1430.685 0.07161
1430.845 0.06974
1430.995 0.06943
1431.155 0.06939
1431.305 0.07158
1431.465 0.07171
1431.625 0.07224
1431.785 0.07201
1431.935 0.07414
1432.095 0.07421
1432.255 0.0747
1432.415 0.07253
1432.575 0.07116
1432.725 0.07114
1432.885 0.07141
1433.045 0.06951
1433.205 0.06894
1433.355 0.06888
1433.515 0.06869
1433.675 0.06693
1433.835 0.06695
1433.985 0.06684
1434.135 0.06903
1434.295 0.0691
1434.455 0.06966
1434.615 0.06739
1434.765 0.06778
1434.925 0.06768
1435.085 0.06805
1435.245 0.06605
1435.395 0.06655
1435.555 0.0666
1435.715 0.06649
1435.875 0.06456
1436.025 0.06574
1436.185 0.06574
1436.335 0.06797
1436.495 0.06814
1436.655 0.06866
1436.815 0.06877
1436.965 0.07096
1437.125 0.07085
1437.285 0.07123
1437.445 0.07132
1437.595 0.07179
1437.755 0.07175
1437.915 0.07176
1438.075 0.06986
1438.225 0.0703
1438.385 0.07022
1438.535 0.07245
1438.695 0.07238
1438.855 0.07282
1439.015 0.07268
1439.165 0.0749
1439.325 0.0749
1439.485 0.07534
1439.645 0.07312
1439.795 0.07346
1439.955 0.07347
1440.115 0.07367
1440.275 0.07157
1440.425 0.07189
1440.585 0.07167
1440.745 0.07167
1440.905 0.06977
1441.055 0.07037
1441.215 0.07031
1441.365 0.07249
1441.525 0.07246
1441.685 0.07279
1441.845 0.0727
1441.995 0.07481
1442.155 0.07474
1442.315 0.07519
1442.475 0.07309
1442.625 0.07339
1442.785 0.07325
1442.945 0.07338
1443.105 0.07141
1443.255 0.07193
1443.415 0.07188
1443.575 0.07168
1443.725 0.07152
1443.885 0.07184
1444.045 0.07163
1444.205 0.07164
1444.355 0.07246
1444.515 0.07297
1444.675 0.07082
1444.835 0.06926
1444.985 0.06912
1445.145 0.06942
1445.305 0.06747
1445.455 0.06796
1445.615 0.06788
1445.775 0.06778
1445.935 0.06773
1446.085 0.06815
1446.245 0.06795
1446.395 0.07021
1446.555 0.07137
1446.715 0.07186
1446.875 0.07204
1447.025 0.07407
1447.185 0.07446
1447.345 0.0747
1447.505 0.07251
1447.655 0.07295
1447.815 0.07286
1447.975 0.07293
1448.135 0.07102
1448.285 0.07145
1448.445 0.07127
1448.595 0.07352
1448.755 0.07351
1448.915 0.07396
1449.075 0.0739
1449.225 0.076
1449.385 0.07593
1449.545 0.07616
1449.705 0.07386
1449.855 0.07422
1450.015 0.07414
1450.175 0.07434
1450.335 0.07232
1450.485 0.07273
1450.645 0.07257
1450.805 0.07252
1450.965 0.07069
1451.115 0.07119
1451.275 0.07111
1451.425 0.0732
1451.585 0.07312
1451.745 0.07343
1451.905 0.07121
1452.055 0.07159
1452.215 0.07157
1452.375 0.07198
1452.535 0.06985
1452.685 0.07009
1452.845 0.06983
1453.005 0.06983
1453.165 0.06791
1453.325 0.06757
1453.475 0.06752
1453.625 0.06961
1453.785 0.0696
1453.945 0.06997
1454.105 0.06995
1454.255 0.07217
1454.415 0.07209
1454.575 0.07255
1454.735 0.07041
1454.885 0.07067
1455.045 0.07064
1455.205 0.0708
1455.365 0.06888
1455.515 0.06933
1455.675 0.0692
1455.835 0.069
1455.985 0.06896
1456.145 0.06929
1456.305 0.06917
1456.455 0.07132
1456.615 0.07115
1456.775 0.07167
1456.935 0.07172
1457.085 0.07201
1457.245 0.07198
1457.405 0.07234
1457.565 0.07246
1457.715 0.0729
1457.875 0.07273
1458.035 0.07263
1458.195 0.07261
1458.345 0.07299
1458.505 0.07283
1458.655 0.07498
1458.815 0.07492
1458.975 0.07546
1459.135 0.07541
1459.285 0.07748
1459.445 0.07724
1459.605 0.07748
1459.765 0.0753
1459.915 0.07561
1460.075 0.07554
1460.235 0.0757
1460.395 0.07377
1460.545 0.07407
1460.705 0.07396
1460.855 0.07615
1461.015 0.07603
1461.175 0.07653
1461.335 0.07629
1461.485 0.07841
1461.645 0.07828
1461.805 0.07858
1461.965 0.07633
1462.115 0.0767
1462.275 0.07661
1462.435 0.07696
1462.595 0.07495
1462.745 0.07525
1462.905 0.07513
1463.065 0.07506
1463.225 0.07311
1463.375 0.07355
1463.535 0.07336
1463.685 0.07543
1463.845 0.07533
1464.005 0.07574
1464.165 0.07581
1464.325 0.07579
1464.475 0.0757
1464.635 0.07606
1464.795 0.07395
1464.955 0.07286
1465.105 0.0727
1465.265 0.07261
1465.425 0.07064
1465.585 0.07013
1465.735 0.06999
1465.885 0.07212
1466.045 0.07209
1466.205 0.07253
1466.365 0.07248
1466.515 0.07461
1466.675 0.0753
1466.835 0.07572
1466.995 0.07359
1467.145 0.07382
1467.305 0.07372
1467.465 0.07385
1467.625 0.07173
1467.775 0.07213
1467.935 0.07192
1468.095 0.07184
1468.255 0.0701
1468.405 0.07041
1468.565 0.07028
1468.715 0.07243
1468.875 0.07224
1469.035 0.07261
1469.195 0.07263
1469.345 0.07297
1469.505 0.07291
1469.665 0.07321
1469.825 0.07116
1469.975 0.0716
1470.135 0.07143
1470.295 0.0715
1470.455 0.06959
1470.605 0.06987
1470.765 0.06962
1470.915 0.07183
1471.075 0.07167
1471.235 0.07214
1471.395 0.07203
1471.545 0.07413
1471.705 0.07396
1471.865 0.0742
1472.025 0.07207
1472.175 0.07238
1472.335 0.07213
1472.495 0.07242
1472.655 0.07048
1472.805 0.07085
1472.965 0.07073
1473.115 0.07309
1473.275 0.07298
1473.435 0.07334
1473.595 0.07303
1473.745 0.07524
1473.905 0.07509
1474.065 0.07534
1474.225 0.07318
1474.375 0.07344
1474.535 0.07316
1474.695 0.07356
1474.855 0.07137
1475.005 0.07172
1475.165 0.07155
1475.325 0.07146
1475.485 0.06947
1475.635 0.0698
1475.795 0.06953
1475.955 0.06937
1476.105 0.06926
1476.265 0.06964
1476.425 0.06968
1476.585 0.06969
1476.735 0.06952
1476.895 0.06989
1477.055 0.06768
1477.205 0.06789
1477.365 0.06766
1477.525 0.06765
1477.685 0.06768
1477.835 0.06796
1477.995 0.06787
1478.145 0.07
1478.305 0.07129
1478.465 0.07172
1478.625 0.07176
1478.775 0.07396
1478.935 0.07482
1479.095 0.07516
1479.255 0.07299
1479.405 0.07324
1479.565 0.07307
1479.725 0.07328
1479.885 0.07128
1480.035 0.07157
1480.195 0.07133
1480.355 0.0712
1480.515 0.06939
1480.665 0.06975
1480.825 0.06957
1480.975 0.07168
1481.135 0.07139
1481.295 0.07172
1481.455 0.0716
1481.605 0.07361
1481.765 0.07362
1481.925 0.07388
1482.085 0.07183
1482.235 0.07219
1482.395 0.07201
1482.555 0.07205
1482.715 0.07003
1482.865 0.07034
1483.025 0.07013
1483.175 0.07232
1483.335 0.07214
1483.495 0.07246
1483.655 0.07233
1483.805 0.07445
1483.965 0.07433
1484.125 0.07468
1484.285 0.07252
1484.435 0.0728
1484.595 0.07257
1484.755 0.07283
1484.915 0.07077
1485.075 0.0702
1485.225 0.07011
1485.375 0.07237
1485.535 0.0722
1485.695 0.07245
1485.855 0.07216
1486.005 0.07426
1486.165 0.07414
1486.325 0.07452
1486.485 0.07218
1486.635 0.0724
1486.795 0.07215
1486.955 0.07249
1487.115 0.07026
1487.265 0.07069
1487.425 0.07061
1487.585 0.07049
1487.745 0.06857
1487.895 0.06892
1488.055 0.06872
1488.205 0.07105
1488.365 0.07097
1488.525 0.07145
1488.685 0.07157
1488.835 0.0736
1488.995 0.07339
1489.155 0.07362
1489.315 0.07374
1489.465 0.07412
1489.625 0.07389
1489.785 0.07402
1489.945 0.07408
1490.095 0.07435
1490.255 0.07412
1490.405 0.07635
1490.565 0.07628
1490.725 0.07675
1490.885 0.07669
1491.035 0.07879
1491.195 0.07856
1491.355 0.0787
1491.515 0.07647
1491.665 0.07682
1491.825 0.07672
1491.985 0.0769
1492.145 0.07475
1492.295 0.07488
1492.455 0.07458
1492.615 0.07453
1492.775 0.07267
1492.925 0.07307
1493.085 0.07288
1493.235 0.075
1493.395 0.07493
1493.555 0.07524
1493.715 0.07527
1493.865 0.07737
1494.025 0.07729
1494.185 0.07772
1494.345 0.07572
1494.495 0.07601
1494.655 0.07575
1494.815 0.07577
1494.975 0.07374
1495.125 0.074
1495.285 0.07387
1495.435 0.07593
1495.595 0.07472
1495.755 0.075
1495.915 0.07491
1496.075 0.07492
1496.225 0.07475
1496.385 0.07513
1496.545 0.07294
1496.705 0.07155
1496.855 0.07125
1497.015 0.07145
1497.175 0.0693
1497.335 0.06867
1497.485 0.06854
1497.635 0.07065
1497.795 0.07044
1497.955 0.07064
1498.115 0.07043
1498.265 0.07261
1498.425 0.07336
1498.585 0.07368
1498.745 0.07132
1498.895 0.0716
1499.055 0.07138
1499.215 0.07159
1499.375 0.06953
1499.525 0.06983
1499.685 0.06967
1499.845 0.06966
1500.005 0.0677
1500.155 0.06793
1500.315 0.06763
1500.465 0.06985
1500.625 0.06961
1500.785 0.07002
1500.945 0.07002
1501.095 0.07192
1501.255 0.07164
1501.415 0.07178
1501.575 0.06954
1501.725 0.06978
1501.885 0.06953
1502.045 0.0696
1502.205 0.06754
1502.355 0.06784
1502.515 0.06762
1502.665 0.06985
1502.825 0.06958
1502.985 0.06994
1503.145 0.06975
1503.295 0.07166
1503.455 0.07138
1503.615 0.07157
1503.775 0.06941
1503.925 0.06876
1504.085 0.0685
1504.245 0.06878
1504.405 0.06666
1504.555 0.06696
1504.715 0.0667
1504.865 0.06903
1505.025 0.06879
1505.185 0.06902
1505.345 0.06878
1505.495 0.07076
1505.655 0.07058
1505.815 0.07089
1505.975 0.07094
1506.125 0.07294
1506.285 0.07272
1506.445 0.07308
1506.605 0.07097
1506.755 0.07108
1506.915 0.07074
1507.075 0.07069
1507.235 0.06861
1507.385 0.06883
1507.545 0.06858
1507.705 0.06844
1507.855 0.06826
1508.015 0.06854
1508.175 0.06862
1508.335 0.06858
1508.485 0.06831
1508.645 0.06857
1508.805 0.06639
1508.955 0.06761
1509.115 0.06733
1509.275 0.0674
1509.435 0.06746
1509.585 0.0677
1509.745 0.0675
1509.895 0.06974
1510.055 0.07115
1510.215 0.07145
1510.375 0.07139
1510.525 0.0735
1510.685 0.07419
1510.845 0.07443
1511.005 0.07217
1511.155 0.07243
1511.315 0.07223
1511.475 0.07243
1511.635 0.0704
1511.785 0.0707
1511.945 0.07045
1512.105 0.07038
1512.265 0.06842
1512.415 0.06876
1512.575 0.06858
1512.725 0.07066
1512.885 0.07049
1513.045 0.07077
1513.205 0.07064
1513.355 0.07266
1513.515 0.07251
1513.675 0.07274
1513.835 0.07069
1513.985 0.07096
1514.145 0.07064
1514.305 0.07077
1514.465 0.06881
1514.615 0.06922
1514.775 0.06906
1514.925 0.07126
1515.085 0.07108
1515.245 0.07132
1515.405 0.07113
1515.555 0.07318
1515.715 0.07299
1515.875 0.07337
1516.035 0.07122
1516.185 0.07145
1516.345 0.07125
1516.505 0.07141
1516.665 0.06954
1516.825 0.06894
1516.975 0.06878
1517.125 0.07102
1517.285 0.07182
1517.445 0.07205
1517.605 0.07174
1517.755 0.07395
1517.915 0.07381
1518.075 0.07427
1518.235 0.07203
1518.385 0.0723
1518.545 0.07213
1518.705 0.07231
1518.865 0.07036
1519.015 0.07075
1519.175 0.07055
1519.335 0.07044
1519.495 0.06852
1519.645 0.06882
1519.805 0.06854
1519.955 0.07083
1520.115 0.07076
1520.275 0.07127
1520.435 0.07137
1520.585 0.07342
1520.745 0.07317
1520.905 0.07332
1521.065 0.07339
1521.215 0.07381
1521.375 0.07372
1521.535 0.0738
1521.695 0.07396
1521.845 0.07428
1522.005 0.07401
1522.155 0.07634
1522.315 0.07627
1522.475 0.07675
1522.635 0.07671
1522.785 0.07875
1522.945 0.07861
1523.105 0.07883
1523.265 0.07651
1523.415 0.07686
1523.575 0.07672
1523.735 0.07683
1523.895 0.07496
1524.045 0.07532
1524.205 0.07505
1524.365 0.07511
1524.525 0.07337
1524.675 0.07386
1524.835 0.07365
1524.985 0.07575
1525.145 0.07566
1525.305 0.07597
1525.465 0.07618
1525.615 0.0783
1525.775 0.07821
1525.935 0.07853
1526.095 0.07647
1526.245 0.07679
1526.405 0.07645
1526.565 0.07645
1526.725 0.07455
1526.875 0.07496
1527.035 0.07488
1527.185 0.07699
1527.345 0.07687
1527.505 0.07715
1527.665 0.07711
1527.825 0.07729
1527.975 0.07716
1528.135 0.0776
1528.295 0.0754
1528.455 0.07406
1528.605 0.07393
1528.765 0.07398
1528.925 0.07187
1529.085 0.07105
1529.235 0.07085
1529.395 0.07066
1529.555 0.06899
1529.714 0.06872
1529.864 0.0687
1530.014 0.07101
1530.174 0.07219
1530.334 0.07296
1530.494 0.07057
1530.644 0.07096
1530.804 0.07124
1530.964 0.07175
1531.124 0.06967
1531.274 0.07035
1531.434 0.07046
1531.594 0.07058
1531.754 0.06874
1531.904 0.06937
1532.064 0.06947
1532.224 0.0693
1532.384 0.06773
1532.534 0.06854
1532.694 0.06861
1532.844 0.0708
1533.004 0.07094
1533.164 0.07145
1533.324 0.06916
1533.474 0.06981
1533.634 0.06997
1533.794 0.07035
1533.954 0.06841
1534.104 0.06911
1534.264 0.06933
1534.424 0.06916
1534.584 0.06743
1534.734 0.06825
1534.894 0.06825
1535.054 0.06813
1535.204 0.06843
1535.364 0.06916
1535.524 0.06674
1535.684 0.06508
1535.834 0.06525
1535.994 0.06574
1536.154 0.06386
1536.304 0.06463
1536.464 0.06478
1536.624 0.06477
1536.784 0.06311
1536.934 0.0639
1537.094 0.06406
1537.254 0.06383
1537.414 0.06234
1537.564 0.06314
1537.724 0.06306
1537.874 0.06528
1538.034 0.06544
1538.194 0.06614
1538.354 0.0639
1538.504 0.06452
1538.664 0.0647
1538.824 0.06469
1538.984 0.06277
1539.134 0.06347
1539.294 0.06373
1539.454 0.06374
1539.614 0.06211
1539.764 0.06294
1539.924 0.06299
1540.074 0.06534
1540.234 0.06557
1540.394 0.06631
1540.554 0.06399
1540.704 0.06463
1540.864 0.06494
1541.024 0.06527
1541.184 0.06526
1541.334 0.06596
1541.494 0.06609
1541.654 0.06616
1541.814 0.06608
1541.964 0.06688
1542.124 0.06705
1542.284 0.06708
1542.444 0.06676
1542.594 0.06763
1542.754 0.06769
1542.904 0.06997
1543.064 0.07087
1543.224 0.07133
1543.384 0.06914
1543.534 0.06959
1543.694 0.0695
1543.854 0.0698
1544.014 0.06787
1544.174 0.06684
1544.324 0.06674
1544.484 0.06665
1544.644 0.06474
1544.804 0.0644
1544.954 0.06436
1545.104 0.06658
1545.264 0.06662
1545.424 0.06705
1545.584 0.06719
1545.734 0.06944
1545.894 0.06937
1546.054 0.06984
1546.214 0.06772
1546.364 0.06821
1546.524 0.06828
1546.684 0.06816
1546.844 0.06621
1546.994 0.06669
1547.154 0.06649
1547.314 0.06636
1547.474 0.06466
1547.624 0.06508
1547.784 0.0651
1547.934 0.06711
1548.094 0.06701
1548.254 0.06749
1548.414 0.06751
1548.564 0.06784
1548.724 0.06786
1548.884 0.06806
1549.044 0.06832
1549.194 0.06878
1549.354 0.0687
1549.514 0.0685
1549.674 0.0666
1549.824 0.06713
1549.984 0.06709
1550.134 0.06917
1550.294 0.06909
1550.454 0.06956
1550.614 0.06955
1550.764 0.07171
1550.924 0.07165
1551.084 0.07203
1551.244 0.06986
1551.394 0.07031
1551.554 0.07028
1551.714 0.07041
1551.874 0.06847
1552.024 0.06909
1552.184 0.06907
1552.344 0.06888
1552.504 0.0672
1552.654 0.06765
1552.814 0.06746
1552.964 0.0696
1553.124 0.06965
1553.284 0.07022
1553.444 0.06794
1553.594 0.06843
1553.754 0.06836
1553.914 0.06859
1554.074 0.06658
1554.224 0.0671
1554.384 0.06705
1554.544 0.06694
1554.704 0.06517
1554.854 0.06562
1555.014 0.06551
1555.174 0.06538
1555.324 0.0654
1555.484 0.06598
1555.644 0.06612
1555.804 0.06612
1555.954 0.06599
1556.114 0.0663
1556.274 0.06408
1556.434 0.0628
1556.584 0.06274
1556.744 0.06271
1556.904 0.06077
1557.054 0.06119
1557.214 0.06119
1557.364 0.06333
1557.524 0.06478
1557.684 0.06543
1557.844 0.06535
1557.994 0.06755
1558.154 0.06832
1558.314 0.06865
1558.474 0.06647
1558.624 0.0669
1558.784 0.06699
1558.944 0.06712
1559.104 0.065
1559.254 0.06542
1559.414 0.06525
1559.574 0.06518
1559.734 0.06335
1559.884 0.06384
1560.044 0.06387
1560.194 0.06591
1560.354 0.0658
1560.514 0.06626
1560.674 0.06629
1560.824 0.06849
1560.984 0.06857
1561.144 0.06901
1561.304 0.06709
1561.454 0.06749
1561.614 0.06735
1561.774 0.06732
1561.934 0.06545
1562.084 0.06596
1562.244 0.06589
1562.394 0.06797
1562.554 0.06796
1562.714 0.06839
1562.874 0.06836
1563.024 0.07062
1563.184 0.07059
1563.344 0.07109
1563.504 0.06895
1563.654 0.06945
1563.814 0.06931
1563.974 0.06952
1564.134 0.06749
1564.284 0.0681
1564.444 0.06812
1564.604 0.06796
1564.764 0.06621
1564.924 0.06617
1565.074 0.06595
1565.224 0.0682
1565.384 0.06812
1565.544 0.06874
1565.704 0.06875
1565.854 0.0708
1566.014 0.07065
1566.174 0.07095
1566.334 0.06894
1566.484 0.06951
1566.644 0.06942
1566.804 0.06939
1566.964 0.06751
1567.114 0.0679
1567.274 0.06776
1567.434 0.06767
1567.584 0.06771
1567.744 0.06827
1567.904 0.06829
1568.054 0.07047
1568.214 0.07044
1568.374 0.07075
1568.534 0.071
1568.684 0.07154
1568.844 0.07142
1569.004 0.07157
1569.164 0.07177
1569.314 0.0723
1569.474 0.07223
1569.634 0.07206
1569.794 0.07202
1569.944 0.07261
1570.104 0.07247
1570.254 0.07464
1570.414 0.07464
1570.574 0.07498
1570.734 0.07282
1570.884 0.07327
1571.044 0.07322
1571.204 0.07362
1571.364 0.07156
1571.514 0.07207
1571.674 0.07196
