%Time8 coef_friccion8
1000.088 0.03922
1000.248 0.03893
1000.398 0.0392
1000.558 0.03764
1000.718 0.03774
1000.878 0.03822
1001.028 0.0382
1001.188 0.03715
1001.338 0.03878
1001.498 0.03912
1001.658 0.03912
1001.818 0.03842
1001.968 0.03951
1002.128 0.03933
1002.288 0.03919
1002.448 0.03873
1002.598 0.03924
1002.758 0.03923
1002.918 0.03874
1003.078 0.03871
1003.228 0.03901
1003.388 0.03759
1003.548 0.03752
1003.708 0.03795
1003.858 0.03795
1004.018 0.03701
1004.168 0.0388
1004.328 0.03887
1004.488 0.039
1004.648 0.03842
1004.798 0.03952
1004.958 0.03952
1005.118 0.03934
1005.278 0.03869
1005.428 0.03935
1005.588 0.03935
1005.748 0.03887
1005.908 0.03891
1006.058 0.03898
1006.218 0.0378
1006.378 0.03771
1006.538 0.03798
1006.688 0.0381
1006.848 0.03712
1006.998 0.03874
1007.158 0.03887
1007.318 0.03885
1007.478 0.03837
1007.628 0.03954
1007.788 0.03959
1007.948 0.03956
1008.108 0.03905
1008.258 0.03946
1008.418 0.03936
1008.578 0.03899
1008.738 0.03877
1008.888 0.03903
1009.048 0.03768
1009.208 0.03749
1009.368 0.03785
1009.518 0.03783
1009.678 0.03682
1009.828 0.03859
1009.988 0.03896
1010.148 0.03899
1010.308 0.03826
1010.458 0.03935
1010.618 0.03908
1010.778 0.0389
1010.938 0.03904
1011.088 0.03957
1011.248 0.03938
1011.408 0.03875
1011.568 0.03864
1011.718 0.03885
1011.878 0.03757
1012.038 0.03761
1012.198 0.0382
1012.348 0.03807
1012.508 0.0372
1012.658 0.03888
1012.818 0.03893
1012.978 0.0391
1013.138 0.03854
1013.288 0.03951
1013.448 0.03962
1013.608 0.03952
1013.768 0.03907
1013.918 0.03966
1014.078 0.03948
1014.238 0.03912
1014.398 0.03909
1014.548 0.03925
1014.708 0.03802
1014.858 0.03974
1015.018 0.04011
1015.178 0.04024
1015.338 0.03952
1015.488 0.04129
1015.648 0.04134
1015.808 0.04115
1015.968 0.04046
1016.118 0.0416
1016.278 0.04152
1016.438 0.04125
1016.598 0.04075
1016.748 0.04121
1016.908 0.04124
1017.068 0.04082
1017.228 0.04067
1017.378 0.04086
1017.538 0.03942
1017.688 0.04119
1017.848 0.04162
1018.008 0.0415
1018.168 0.04061
1018.318 0.04223
1018.478 0.04255
1018.638 0.04255
1018.798 0.04181
1018.948 0.04287
1019.108 0.04293
1019.268 0.04274
1019.428 0.04222
1019.578 0.04257
1019.738 0.04248
1019.898 0.04192
1020.058 0.04178
1020.208 0.04198
1020.368 0.04081
1020.518 0.04275
1020.678 0.04323
1020.838 0.04302
1020.998 0.04214
1021.148 0.04363
1021.308 0.04369
1021.468 0.04387
1021.628 0.04326
1021.778 0.04415
1021.938 0.04408
1022.098 0.04397
1022.258 0.04355
1022.408 0.04411
1022.568 0.04454
1022.728 0.0441
1022.888 0.04417
1023.038 0.04424
1023.198 0.04298
1023.348 0.04466
1023.508 0.0452
1023.668 0.04515
1023.828 0.04417
1023.978 0.04573
1024.138 0.04585
1024.298 0.04566
1024.458 0.0449
1024.608 0.04598
1024.768 0.04599
1024.928 0.04584
1025.088 0.04536
1025.238 0.04576
1025.398 0.04568
1025.558 0.04526
1025.718 0.04525
1025.868 0.04526
1026.028 0.04408
1026.178 0.04594
1026.338 0.04628
1026.498 0.04611
1026.658 0.04543
1026.808 0.04699
1026.968 0.04713
1027.128 0.04717
1027.288 0.04665
1027.438 0.0477
1027.598 0.04751
1027.758 0.04734
1027.918 0.04698
1028.068 0.04722
1028.228 0.04546
1028.388 0.04493
1028.548 0.04489
1028.698 0.04485
1028.858 0.04344
1029.008 0.04538
1029.168 0.04592
1029.328 0.0457
1029.488 0.04492
1029.638 0.04669
1029.798 0.04692
1029.958 0.04685
1030.118 0.0463
1030.268 0.04713
1030.428 0.04734
1030.588 0.04737
1030.748 0.04701
1030.898 0.04669
1031.058 0.04493
1031.218 0.04439
1031.378 0.04435
1031.528 0.04434
1031.688 0.04329
1031.838 0.04512
1031.998 0.04569
1032.158 0.04565
1032.318 0.0448
1032.468 0.04632
1032.628 0.04632
1032.788 0.0463
1032.948 0.04584
1033.098 0.04677
1033.258 0.04685
1033.418 0.04666
1033.578 0.04628
1033.728 0.04658
1033.888 0.04478
1034.048 0.04431
1034.208 0.04423
1034.358 0.04417
1034.518 0.04298
1034.668 0.0447
1034.828 0.04502
1034.988 0.04488
1035.148 0.04409
1035.298 0.04557
1035.458 0.04572
1035.618 0.04557
1035.778 0.04496
1035.928 0.04551
1036.088 0.04539
1036.248 0.04525
1036.408 0.04487
1036.558 0.04501
1036.718 0.04323
1036.878 0.04267
1037.038 0.04271
1037.188 0.04286
1037.348 0.04168
1037.498 0.04354
1037.658 0.04397
1037.818 0.04392
1037.978 0.04304
1038.128 0.04468
1038.288 0.04484
1038.448 0.04489
1038.608 0.04411
1038.758 0.04489
1038.918 0.04489
1039.078 0.04473
1039.238 0.04465
1039.388 0.04502
1039.548 0.04323
1039.708 0.04275
1039.868 0.04301
1040.018 0.04291
1040.178 0.0416
1040.328 0.0434
1040.488 0.04381
1040.648 0.04371
1040.808 0.04289
1040.958 0.04446
1041.118 0.04455
1041.278 0.04459
1041.438 0.04394
1041.588 0.04467
1041.748 0.04461
1041.908 0.04436
1042.068 0.04382
1042.218 0.04426
1042.378 0.04235
1042.538 0.04203
1042.698 0.04223
1042.848 0.04201
1043.008 0.04078
1043.158 0.0426
1043.318 0.04307
1043.478 0.04304
1043.638 0.04224
1043.788 0.04346
1043.948 0.04338
1044.108 0.04324
1044.268 0.04337
1044.418 0.0442
1044.578 0.04417
1044.738 0.04419
1044.898 0.04377
1045.048 0.04377
1045.208 0.04194
1045.368 0.04152
1045.528 0.04172
1045.678 0.04185
1045.838 0.04056
1045.988 0.04239
1046.148 0.04278
1046.308 0.04256
1046.468 0.0415
1046.618 0.04313
1046.778 0.04332
1046.938 0.04329
1047.098 0.04268
1047.248 0.04335
1047.408 0.04334
1047.568 0.04331
1047.728 0.04304
1047.878 0.04329
1048.038 0.04148
1048.198 0.04114
1048.358 0.04149
1048.508 0.04161
1048.668 0.04043
1048.818 0.04219
1048.978 0.04266
1049.138 0.04247
1049.298 0.04163
1049.448 0.04315
1049.608 0.04303
1049.768 0.04306
1049.928 0.04254
1050.078 0.04323
1050.238 0.04339
1050.398 0.04319
1050.558 0.04279
1050.708 0.04318
1050.868 0.04154
1051.028 0.04144
1051.188 0.04169
1051.338 0.04156
1051.498 0.04043
1051.648 0.04215
1051.808 0.04256
1051.968 0.04274
1052.128 0.042
1052.278 0.04326
1052.438 0.04319
1052.598 0.04282
1052.758 0.04208
1052.908 0.04289
1053.068 0.04289
1053.228 0.04259
1053.388 0.04233
1053.538 0.04264
1053.698 0.0409
1053.858 0.04065
1054.018 0.04086
1054.168 0.04099
1054.328 0.03955
1054.478 0.04139
1054.638 0.04162
1054.798 0.04157
1054.958 0.04076
1055.108 0.0422
1055.268 0.04232
1055.428 0.0424
1055.588 0.04162
1055.738 0.04243
1055.898 0.04284
1056.058 0.04274
1056.218 0.04261
1056.368 0.04284
1056.528 0.04103
1056.688 0.04063
1056.848 0.04088
1056.998 0.04091
1057.158 0.03986
1057.308 0.04165
1057.468 0.04199
1057.628 0.04181
1057.788 0.04104
1057.938 0.04244
1058.098 0.0423
1058.258 0.04249
1058.418 0.04195
1058.568 0.04257
1058.728 0.04263
1058.888 0.04234
1059.048 0.04182
1059.198 0.04217
1059.358 0.04042
1059.518 0.04021
1059.678 0.04063
1059.828 0.04074
1059.988 0.03942
1060.138 0.04105
1060.298 0.04141
1060.458 0.04147
1060.618 0.0407
1060.768 0.04198
1060.928 0.04191
1061.088 0.04193
1061.248 0.04126
1061.398 0.04206
1061.558 0.04194
1061.718 0.04162
1061.878 0.04115
1062.028 0.04134
1062.188 0.03978
1062.348 0.03944
1062.508 0.03977
1062.658 0.03989
1062.818 0.03868
1062.968 0.04057
1063.128 0.04082
1063.288 0.04078
1063.448 0.04
1063.598 0.04111
1063.758 0.04115
1063.918 0.04112
1064.078 0.04039
1064.228 0.04093
1064.388 0.0409
1064.548 0.04062
1064.708 0.04041
1064.858 0.0405
1065.018 0.03893
1065.178 0.03852
1065.338 0.03895
1065.488 0.0389
1065.648 0.03779
1065.798 0.03954
1065.958 0.03993
1066.118 0.03981
1066.278 0.03895
1066.428 0.04029
1066.588 0.04016
1066.748 0.04015
1066.908 0.03961
1067.058 0.0403
1067.218 0.04026
1067.378 0.04006
1067.538 0.03983
1067.688 0.04039
1067.848 0.0387
1068.008 0.03851
1068.168 0.03897
1068.318 0.03892
1068.478 0.03781
1068.628 0.03948
1068.788 0.03978
1068.948 0.03997
1069.108 0.03905
1069.258 0.03979
1069.418 0.03963
1069.578 0.03961
1069.738 0.03884
1069.888 0.03959
1070.048 0.03963
1070.208 0.03931
1070.368 0.03921
1070.518 0.03925
1070.678 0.03782
1070.838 0.03772
1070.998 0.03826
1071.148 0.03825
1071.308 0.03717
1071.458 0.03883
1071.618 0.0388
1071.778 0.03877
1071.938 0.03804
1072.088 0.03924
1072.248 0.03919
1072.408 0.03922
1072.568 0.03876
1072.718 0.03943
1072.878 0.03951
1073.038 0.03902
1073.198 0.03893
1073.348 0.0391
1073.508 0.03768
1073.658 0.03928
1073.818 0.03947
1073.978 0.03954
1074.138 0.03846
1074.288 0.04008
1074.448 0.04032
1074.608 0.04024
1074.768 0.03935
1074.918 0.04054
1075.078 0.04048
1075.238 0.04065
1075.398 0.04024
1075.548 0.04071
1075.708 0.04073
1075.868 0.04037
1076.028 0.04027
1076.178 0.04055
1076.338 0.03893
1076.488 0.04074
1076.648 0.04112
1076.808 0.04098
1076.968 0.04009
1077.118 0.04169
1077.278 0.04186
1077.438 0.04195
1077.598 0.0412
1077.748 0.04214
1077.908 0.04223
1078.068 0.04218
1078.228 0.04161
1078.378 0.04201
1078.538 0.04205
1078.698 0.04167
1078.858 0.04179
1079.008 0.04174
1079.168 0.04038
1079.318 0.04178
1079.478 0.04229
1079.638 0.04236
1079.798 0.04131
1079.948 0.04279
1080.108 0.04275
1080.268 0.04264
1080.428 0.04194
1080.578 0.0429
1080.738 0.04279
1080.898 0.04263
1081.058 0.042
1081.208 0.04235
1081.368 0.04248
1081.528 0.04226
1081.688 0.04244
1081.838 0.04249
1081.998 0.04093
1082.148 0.04243
1082.308 0.04254
1082.468 0.04262
1082.628 0.04155
1082.778 0.04317
1082.938 0.04324
1083.098 0.04332
1083.258 0.04233
1083.408 0.0434
1083.568 0.04327
1083.728 0.04317
1083.888 0.04286
1084.038 0.04322
1084.198 0.04325
1084.358 0.04283
1084.518 0.04284
1084.668 0.043
1084.828 0.04153
1084.978 0.04318
1085.138 0.04353
1085.298 0.04338
1085.458 0.04241
1085.608 0.04395
1085.768 0.04409
1085.928 0.04384
1086.088 0.04324
1086.238 0.04413
1086.398 0.04433
1086.558 0.04425
1086.718 0.04373
1086.868 0.04404
1087.028 0.04225
1087.188 0.04194
1087.348 0.04215
1087.498 0.04224
1087.658 0.04099
1087.808 0.04253
1087.968 0.043
1088.128 0.04312
1088.288 0.04215
1088.438 0.04351
1088.598 0.04338
1088.758 0.04323
1088.918 0.0426
1089.068 0.0434
1089.228 0.04354
1089.388 0.04322
1089.548 0.04272
1089.698 0.04311
1089.858 0.04131
1090.018 0.04103
1090.178 0.04115
1090.328 0.04101
1090.488 0.03958
1090.638 0.04126
1090.798 0.04156
1090.958 0.04176
1091.118 0.04072
1091.268 0.0419
1091.428 0.04196
1091.588 0.04203
1091.748 0.04135
1091.898 0.04232
1092.058 0.04211
1092.218 0.04189
1092.378 0.04181
1092.528 0.04198
1092.688 0.04057
1092.848 0.04013
1093.008 0.04015
1093.158 0.04027
1093.318 0.03919
1093.468 0.04076
1093.628 0.04107
1093.788 0.04093
1093.948 0.04017
1094.098 0.04137
1094.258 0.04135
1094.418 0.04122
1094.578 0.04063
1094.728 0.04134
1094.888 0.04132
1095.048 0.04103
1095.208 0.0408
1095.358 0.04108
1095.518 0.03939
1095.678 0.03921
1095.838 0.03966
1095.988 0.03968
1096.148 0.03832
1096.298 0.03974
1096.458 0.0399
1096.618 0.03998
1096.778 0.03908
1096.928 0.04046
1097.088 0.04032
1097.248 0.04016
1097.408 0.03946
1097.558 0.04003
1097.718 0.04019
1097.878 0.03983
1098.038 0.03951
1098.188 0.03991
1098.348 0.03834
1098.508 0.03814
1098.668 0.03859
1098.818 0.03828
1098.978 0.03705
1099.128 0.03865
1099.288 0.03897
1099.448 0.03894
1099.608 0.03803
1099.758 0.03908
1099.918 0.03909
1100.078 0.03906
1100.238 0.0384
1100.388 0.03915
1100.548 0.03928
1100.708 0.03884
1100.868 0.03865
1101.018 0.03858
1101.178 0.03721
1101.338 0.03702
1101.498 0.03725
1101.648 0.03718
1101.808 0.03607
1101.958 0.03766
1102.118 0.03777
1102.278 0.03761
1102.438 0.0369
1102.588 0.03793
1102.748 0.03797
1102.908 0.0379
1103.068 0.03724
1103.218 0.03772
1103.378 0.03774
1103.538 0.03771
1103.698 0.03779
1103.848 0.03804
1104.008 0.03648
1104.158 0.03808
1104.318 0.03824
1104.478 0.03842
1104.638 0.03722
1104.788 0.03868
1104.948 0.0387
1105.108 0.03871
1105.268 0.03777
1105.418 0.03891
1105.578 0.03886
1105.738 0.03884
1105.898 0.03881
1106.048 0.03923
1106.208 0.0395
1106.368 0.03945
1106.528 0.03934
1106.678 0.03942
1106.838 0.03797
1106.988 0.03958
1107.148 0.04
1107.308 0.03971
1107.468 0.03861
1107.618 0.0401
1107.778 0.04035
1107.938 0.04039
1108.098 0.03946
1108.248 0.04018
1108.408 0.04026
1108.568 0.04008
1108.728 0.03956
1108.878 0.04015
1109.038 0.04028
1109.198 0.03982
1109.358 0.03996
1109.508 0.04004
1109.668 0.03892
1109.818 0.04069
1109.978 0.04111
1110.138 0.04103
1110.298 0.03978
1110.448 0.04127
1110.608 0.04131
1110.768 0.04137
1110.928 0.0407
1111.078 0.04143
1111.238 0.04163
1111.398 0.04153
1111.558 0.041
1111.708 0.0415
1111.868 0.04159
1112.028 0.04121
1112.188 0.04142
1112.338 0.04129
1112.498 0.03997
1112.648 0.04159
1112.808 0.04187
1112.968 0.04181
1113.128 0.04073
1113.278 0.04202
1113.438 0.042
1113.598 0.04192
1113.758 0.0413
1113.908 0.0422
1114.068 0.04219
1114.218 0.0445
1114.378 0.04532
1114.538 0.04547
1114.698 0.04566
1114.858 0.04533
1115.018 0.04552
1115.168 0.04567
1115.328 0.04435
1115.478 0.04611
1115.638 0.04629
1115.798 0.04605
1115.958 0.04519
1116.108 0.04643
1116.268 0.04636
1116.428 0.04635
1116.588 0.04572
1116.738 0.04638
1116.898 0.04644
1117.058 0.04621
1117.218 0.04591
1117.368 0.04605
1117.528 0.04461
1117.688 0.04414
1117.848 0.04427
1117.998 0.04441
1118.158 0.04337
1118.308 0.04494
1118.468 0.04507
1118.628 0.04497
1118.788 0.04402
1118.938 0.04531
1119.098 0.04513
1119.258 0.04481
1119.418 0.04401
1119.568 0.04444
1119.728 0.04443
1119.888 0.04425
1120.048 0.04386
1120.198 0.0441
1120.358 0.04257
1120.518 0.04241
1120.678 0.04296
1120.828 0.0428
1120.988 0.04161
1121.138 0.04303
1121.298 0.04327
1121.458 0.04327
1121.618 0.04242
1121.768 0.04342
1121.928 0.0436
1122.088 0.0436
1122.248 0.04285
1122.398 0.04335
1122.558 0.04342
1122.718 0.04301
1122.878 0.04304
1123.028 0.04296
1123.188 0.04142
1123.338 0.04289
1123.498 0.04322
1123.658 0.04312
1123.818 0.042
1123.968 0.04352
1124.128 0.04344
1124.288 0.04339
1124.448 0.04247
1124.598 0.04347
1124.758 0.04352
1124.918 0.04339
1125.078 0.0427
1125.228 0.04326
1125.388 0.04331
1125.548 0.04303
1125.708 0.0431
1125.858 0.04297
1126.018 0.04153
1126.168 0.04302
1126.328 0.04328
1126.488 0.04323
1126.648 0.0421
1126.798 0.04358
1126.958 0.04358
1127.118 0.04326
1127.278 0.0423
1127.428 0.04337
1127.588 0.04089
1127.748 0.03995
1127.908 0.03938
1128.058 0.03965
1128.218 0.03997
1128.378 0.03983
1128.538 0.03976
1128.688 0.03978
1128.848 0.03835
1128.998 0.04002
1129.158 0.04021
1129.318 0.03992
1129.478 0.03901
1129.628 0.04038
1129.788 0.04041
1129.948 0.04032
1130.105 0.0398
1130.255 0.04161
1130.415 0.04203
1130.575 0.04213
1130.735 0.04196
1130.885 0.04304
1131.045 0.04312
1131.205 0.04266
1131.365 0.04256
1131.515 0.04336
1131.675 0.04166
1131.835 0.04147
1131.995 0.04144
1132.145 0.04193
1132.305 0.04099
1132.465 0.04104
1132.625 0.04104
1132.775 0.04161
1132.935 0.04138
1133.085 0.0431
1133.245 0.04336
1133.405 0.04347
1133.565 0.04342
1133.715 0.04458
1133.875 0.04448
1134.035 0.04379
1134.195 0.04404
1134.345 0.04479
1134.505 0.04326
1134.665 0.04293
1134.825 0.04285
1134.975 0.04337
1135.135 0.04251
1135.295 0.04232
1135.455 0.04261
1135.605 0.04307
1135.765 0.04266
1135.915 0.04441
1136.075 0.04472
1136.235 0.04435
1136.395 0.04459
1136.545 0.04575
1136.705 0.04383
1136.865 0.0433
1137.025 0.04339
1137.175 0.04392
1137.335 0.04267
1137.495 0.04258
1137.655 0.04244
1137.805 0.04297
1137.965 0.04205
1138.125 0.04205
1138.285 0.04248
1138.435 0.04258
1138.595 0.04221
1138.745 0.04387
1138.905 0.04415
1139.065 0.04402
1139.225 0.04414
1139.375 0.04501
1139.535 0.0431
1139.695 0.04257
1139.855 0.04278
1140.005 0.04353
1140.165 0.04227
1140.325 0.04229
1140.485 0.04246
1140.635 0.04291
1140.795 0.0422
1140.955 0.04238
1141.115 0.04258
1141.265 0.04279
1141.425 0.04255
1141.575 0.04385
1141.735 0.04389
1141.895 0.04371
1142.055 0.04382
1142.205 0.04468
1142.365 0.04284
1142.525 0.04265
1142.685 0.04282
1142.835 0.04334
1142.995 0.04228
1143.155 0.04229
1143.315 0.04239
1143.465 0.04248
1143.625 0.04086
1143.785 0.04033
1143.945 0.04034
1144.095 0.04028
1144.255 0.03902
1144.405 0.04064
1144.565 0.04066
1144.725 0.04048
1144.885 0.03979
1145.035 0.04109
1145.195 0.04107
1145.355 0.04101
1145.515 0.04037
1145.665 0.04076
1145.825 0.04116
1145.985 0.04102
1146.145 0.0407
1146.295 0.04071
1146.455 0.03919
1146.615 0.03885
1146.775 0.0392
1146.925 0.03884
1147.085 0.03784
1147.235 0.03925
1147.395 0.03945
1147.555 0.03918
1147.715 0.03849
1147.865 0.03954
1148.025 0.03976
1148.185 0.03982
1148.345 0.03908
1148.495 0.03964
1148.655 0.0401
1148.815 0.03998
1148.975 0.03976
1149.125 0.03983
1149.285 0.03829
1149.435 0.04
1149.595 0.04047
1149.755 0.03988
1149.915 0.03887
1150.065 0.04046
1150.225 0.04047
1150.385 0.04036
1150.545 0.03976
1150.695 0.04056
1150.855 0.04078
1151.015 0.04101
1151.175 0.04048
1151.325 0.04107
1151.485 0.04112
1151.645 0.04084
1151.805 0.04118
1151.955 0.04104
1152.115 0.03966
1152.265 0.04128
1152.425 0.04166
1152.585 0.04131
1152.745 0.04017
1152.895 0.0416
1153.055 0.04162
1153.215 0.04121
1153.375 0.04048
1153.525 0.04142
1153.685 0.04155
1153.845 0.04144
1154.005 0.04085
1154.155 0.04111
1154.315 0.04126
1154.475 0.04103
1154.635 0.04109
1154.785 0.0408
1154.945 0.03946
1155.095 0.04112
1155.255 0.04131
1155.415 0.04098
1155.575 0.03987
1155.725 0.04136
1155.885 0.04134
1156.045 0.04125
1156.205 0.0406
1156.355 0.04128
1156.515 0.04145
1156.675 0.04138
1156.835 0.04093
1156.985 0.04105
1157.145 0.04158
1157.305 0.04139
1157.465 0.04145
1157.615 0.04136
1157.775 0.04009
1157.925 0.04184
1158.085 0.04198
1158.245 0.04155
1158.405 0.04062
1158.555 0.04203
1158.715 0.04206
1158.875 0.04198
1159.035 0.04143
1159.185 0.0418
1159.345 0.04208
1159.505 0.04183
1159.665 0.04133
1159.815 0.04147
1159.975 0.04189
1160.135 0.04148
1160.295 0.04198
1160.445 0.04161
1160.605 0.04043
1160.755 0.04203
1160.915 0.04235
1161.075 0.04196
1161.235 0.04101
1161.385 0.0421
1161.545 0.04208
1161.705 0.04225
1161.865 0.04145
1162.015 0.04189
1162.175 0.04193
1162.335 0.04177
1162.495 0.04163
1162.645 0.04181
1162.805 0.04015
1162.965 0.03997
1163.125 0.04052
1163.275 0.03997
1163.435 0.03874
1163.585 0.04045
1163.745 0.0407
1163.905 0.04048
1164.065 0.03954
1164.215 0.04067
1164.375 0.04062
1164.535 0.04058
1164.695 0.03995
1164.845 0.04071
1165.005 0.04086
1165.165 0.0405
1165.325 0.04031
1165.475 0.04026
1165.635 0.03887
1165.795 0.03845
1165.955 0.03889
1166.105 0.03872
1166.265 0.03774
1166.415 0.03943
1166.575 0.03955
1166.735 0.03934
1166.895 0.03857
1167.045 0.03971
1167.205 0.0397
1167.365 0.03973
1167.525 0.03916
1167.675 0.03954
1167.835 0.03969
1167.995 0.03945
1168.155 0.03946
1168.305 0.03947
1168.465 0.03791
1168.625 0.03767
1168.785 0.0382
1168.935 0.03824
1169.095 0.03699
1169.245 0.03859
1169.405 0.03857
1169.565 0.03837
1169.725 0.0377
1169.875 0.03864
1170.035 0.03862
1170.195 0.03871
1170.355 0.03816
1170.505 0.03773
1170.665 0.03801
1170.825 0.03768
1170.985 0.03754
1171.135 0.03762
1171.295 0.03615
1171.445 0.03811
1171.605 0.03834
1171.765 0.03799
1171.925 0.03716
1172.075 0.03894
1172.235 0.03901
1172.395 0.03886
1172.555 0.03845
1172.705 0.03919
1172.865 0.03958
1173.025 0.03965
1173.185 0.03923
1173.335 0.03948
1173.495 0.03974
1173.655 0.03927
1173.815 0.03931
1173.965 0.03926
1174.125 0.03798
1174.275 0.03965
1174.435 0.04011
1174.595 0.03986
1174.755 0.03912
1174.905 0.04065
1175.065 0.04049
1175.225 0.0404
1175.385 0.03987
1175.535 0.04067
1175.695 0.04084
1175.855 0.04055
1176.015 0.03996
1176.165 0.04021
1176.325 0.04023
1176.485 0.03971
1176.645 0.03996
1176.795 0.03985
1176.955 0.03865
1177.105 0.04031
1177.265 0.04068
1177.425 0.0406
1177.585 0.03967
1177.735 0.04101
1177.895 0.04094
1178.055 0.0407
1178.215 0.04015
1178.365 0.04111
1178.525 0.04121
1178.685 0.04124
1178.845 0.04093
1178.995 0.04086
1179.155 0.04128
1179.315 0.04073
1179.475 0.04091
1179.625 0.04079
1179.785 0.03976
1179.935 0.04176
1180.095 0.04196
1180.255 0.04164
1180.415 0.04087
1180.565 0.04233
1180.725 0.04224
1180.885 0.04235
1181.045 0.04175
1181.195 0.04247
1181.355 0.04272
1181.515 0.04251
1181.675 0.04209
1181.825 0.04222
1181.985 0.04253
1182.145 0.04185
1182.305 0.04204
1182.455 0.0422
1182.615 0.04095
1182.765 0.04274
1182.925 0.04303
1183.085 0.04276
1183.245 0.042
1183.395 0.04347
1183.555 0.04348
1183.715 0.04346
1183.875 0.04359
1184.025 0.0441
1184.185 0.04437
1184.345 0.04421
1184.505 0.0437
1184.655 0.04414
1184.815 0.04235
1184.975 0.04205
1185.135 0.04246
1185.285 0.0422
1185.445 0.04093
1185.595 0.04275
1185.755 0.04316
1185.915 0.04273
1186.075 0.04215
1186.225 0.04335
1186.385 0.04334
1186.545 0.04314
1186.705 0.04255
1186.855 0.04317
1187.015 0.04336
1187.175 0.04315
1187.335 0.04284
1187.485 0.04289
1187.645 0.04136
1187.805 0.04099
1187.965 0.04141
1188.115 0.04108
1188.275 0.03983
1188.425 0.04171
1188.585 0.04204
1188.745 0.04178
1188.905 0.04109
1189.055 0.04226
1189.215 0.04234
1189.375 0.04241
1189.535 0.04177
1189.685 0.04246
1189.845 0.0426
1190.005 0.04231
1190.165 0.04217
1190.315 0.04212
1190.475 0.04052
1190.635 0.04026
1190.795 0.04071
1190.945 0.04062
1191.105 0.03943
1191.255 0.04119
1191.415 0.04141
1191.575 0.04108
1191.735 0.04018
1191.885 0.04146
1192.045 0.04127
1192.205 0.04123
1192.365 0.0408
1192.515 0.04117
1192.675 0.04155
1192.835 0.0413
1192.995 0.04096
1193.145 0.04085
1193.305 0.03923
1193.465 0.03895
1193.625 0.03941
1193.775 0.03908
1193.935 0.03792
1194.085 0.03974
1194.245 0.03969
1194.405 0.03956
1194.565 0.03896
1194.715 0.03988
1194.875 0.04009
1195.035 0.04004
1195.195 0.03965
1195.345 0.03998
1195.505 0.04078
1195.665 0.04045
1195.825 0.04018
1195.975 0.04028
1196.127 0.04021
1196.287 0.04127
1196.447 0.04127
1196.607 0.04095
1196.767 0.03962
1196.917 0.04045
1197.077 0.04068
1197.237 0.04052
1197.397 0.03971
1197.547 0.03997
1197.707 0.0405
1197.867 0.04056
1198.027 0.04021
1198.177 0.04021
1198.337 0.04033
1198.487 0.0417
1198.647 0.04157
1198.807 0.04108
1198.967 0.03949
1199.117 0.04032
1199.277 0.04041
1199.437 0.03992
1199.597 0.03833
1199.747 0.0391
1199.907 0.0394
1200.067 0.03932
1200.227 0.03842
1200.377 0.03869
1200.537 0.039
1200.697 0.03913
1200.857 0.03918
1201.007 0.03875
1201.167 0.03905
1201.317 0.04034
1201.477 0.04035
1201.637 0.04006
1201.797 0.03852
1201.947 0.03945
1202.107 0.03952
1202.267 0.03924
1202.427 0.03784
1202.577 0.03852
1202.737 0.03888
1202.897 0.03903
1203.057 0.03826
1203.207 0.03845
1203.367 0.03898
1203.517 0.04095
1203.677 0.04091
1203.837 0.04117
1203.997 0.04142
1204.147 0.0426
1204.307 0.04252
1204.467 0.04216
1204.627 0.04067
1204.777 0.04165
1204.937 0.0419
1205.097 0.04157
1205.257 0.04008
1205.407 0.04091
1205.567 0.04109
1205.727 0.04098
1205.887 0.04031
1206.037 0.04023
1206.197 0.04083
1206.347 0.0429
1206.507 0.04297
1206.667 0.04264
1206.827 0.04308
1206.977 0.04415
1207.137 0.04403
1207.297 0.04364
1207.457 0.04211
1207.607 0.04313
1207.767 0.04319
1207.927 0.04286
1208.087 0.04163
1208.237 0.04222
1208.397 0.04255
1208.557 0.04254
1208.717 0.04208
1208.867 0.04163
1209.027 0.04215
1209.177 0.04403
1209.337 0.04403
1209.497 0.04225
1209.657 0.04132
1209.807 0.0428
1209.967 0.04278
1210.127 0.04268
1210.287 0.042
1210.437 0.04286
1210.597 0.04292
1210.757 0.04287
1210.917 0.04236
1211.067 0.04236
1211.227 0.04283
1211.387 0.0424
1211.547 0.04244
1211.697 0.04261
1211.857 0.04118
1212.007 0.04294
1212.167 0.04342
1212.327 0.04311
1212.487 0.04216
1212.637 0.04361
1212.797 0.04362
1212.957 0.04361
1213.117 0.0429
1213.267 0.04349
1213.427 0.0437
1213.587 0.04375
1213.747 0.0432
1213.897 0.0435
1214.057 0.04368
1214.217 0.04313
1214.377 0.04357
1214.527 0.04349
1214.687 0.04215
1214.837 0.04376
1214.997 0.04408
1215.157 0.04373
1215.317 0.04277
1215.467 0.04404
1215.627 0.04401
1215.787 0.04405
1215.947 0.04327
1216.097 0.04374
1216.257 0.0438
1216.417 0.04361
1216.577 0.04321
1216.727 0.04336
1216.887 0.04147
1217.047 0.04106
1217.207 0.04109
1217.357 0.04087
1217.517 0.0395
1217.667 0.04104
1217.827 0.04137
1217.987 0.04117
1218.147 0.04016
1218.297 0.04115
1218.457 0.04125
1218.617 0.04129
1218.777 0.04059
1218.927 0.04119
1219.087 0.04142
1219.247 0.04123
1219.407 0.04108
1219.557 0.04085
1219.717 0.03903
1219.867 0.04043
1220.027 0.04084
1220.187 0.04048
1220.347 0.03937
1220.497 0.04104
1220.657 0.04111
1220.817 0.04086
1220.977 0.03993
1221.127 0.04107
1221.287 0.04113
1221.447 0.04117
1221.607 0.04042
1221.757 0.04086
1221.917 0.04099
1222.077 0.0408
1222.237 0.04078
1222.387 0.04061
1222.547 0.03898
1222.697 0.04053
1222.857 0.0409
1223.017 0.04079
1223.177 0.03954
1223.327 0.04111
1223.487 0.04111
1223.647 0.04086
1223.807 0.03992
1223.957 0.04101
1224.117 0.04107
1224.277 0.04103
1224.437 0.04046
1224.587 0.04064
1224.747 0.04098
1224.907 0.04066
1225.067 0.04055
1225.217 0.04066
1225.377 0.03902
1225.527 0.04049
1225.687 0.04075
1225.847 0.04047
1226.007 0.03941
1226.157 0.0409
1226.317 0.04102
1226.477 0.04094
1226.637 0.04026
1226.787 0.04109
1226.947 0.0412
1227.107 0.0412
1227.267 0.04067
1227.417 0.04095
1227.577 0.0411
1227.737 0.04064
1227.897 0.04067
1228.047 0.04067
1228.207 0.03911
1228.357 0.04065
1228.517 0.04098
1228.677 0.04067
1228.837 0.03934
1228.987 0.04085
1229.147 0.04087
1229.307 0.04095
1229.467 0.04008
1229.617 0.04093
1229.777 0.04107
1229.937 0.04104
1230.097 0.04034
1230.247 0.04082
1230.407 0.04104
1230.567 0.04041
1230.727 0.04063
1230.877 0.0404
1231.037 0.03909
1231.187 0.04066
1231.347 0.04103
1231.507 0.04095
1231.667 0.04002
1231.817 0.04138
1231.977 0.04145
1232.137 0.04132
1232.297 0.04066
1232.447 0.04148
1232.607 0.04166
1232.767 0.04151
1232.927 0.04114
1233.077 0.04135
1233.237 0.03972
1233.397 0.03927
1233.557 0.03954
1233.707 0.03927
1233.867 0.03806
1234.017 0.03965
1234.177 0.03978
1234.337 0.03954
1234.497 0.03862
1234.647 0.0398
1234.807 0.03983
1234.967 0.03997
1235.127 0.03924
1235.277 0.03995
1235.437 0.04006
1235.597 0.03977
1235.757 0.03963
1235.907 0.03967
1236.067 0.0382
1236.227 0.03789
1236.387 0.03809
1236.537 0.03814
1236.697 0.0368
1236.847 0.03845
1237.007 0.03849
1237.167 0.03865
1237.327 0.03767
1237.477 0.03896
1237.637 0.03899
1237.797 0.03899
1237.957 0.03827
1238.107 0.03883
1238.267 0.03917
1238.427 0.03893
1238.587 0.03872
1238.737 0.03899
1238.897 0.03734
1239.057 0.03714
1239.217 0.03774
1239.367 0.03748
1239.527 0.0364
1239.677 0.03801
1239.837 0.03818
1239.997 0.03808
1240.157 0.0373
1240.307 0.0382
1240.467 0.03838
1240.627 0.03838
1240.787 0.03784
1240.937 0.03855
1241.097 0.03891
1241.257 0.03865
1241.417 0.03855
1241.567 0.03873
1241.727 0.03744
1241.877 0.03925
1242.037 0.03983
1242.197 0.03975
1242.357 0.03882
1242.507 0.0405
1242.667 0.04055
1242.827 0.04059
1242.987 0.04
1243.137 0.0411
1243.297 0.04134
1243.457 0.04149
1243.617 0.0409
1243.767 0.04145
1243.927 0.04174
1244.087 0.04127
1244.247 0.04143
1244.397 0.04135
1244.557 0.04
1244.707 0.04182
1244.867 0.04234
1245.027 0.04222
1245.187 0.04111
1245.337 0.04262
1245.497 0.0428
1245.657 0.0426
1245.817 0.04189
1245.967 0.043
1246.127 0.04301
1246.287 0.04298
1246.447 0.04253
1246.597 0.04289
1246.757 0.04321
1246.917 0.04286
1247.077 0.04291
1247.227 0.04286
1247.387 0.04171
1247.537 0.04375
1247.697 0.04414
1247.857 0.04392
1248.017 0.04295
1248.167 0.04444
1248.327 0.04439
1248.487 0.04435
1248.647 0.04359
1248.797 0.04445
1248.957 0.04462
1249.117 0.04435
1249.277 0.04389
1249.427 0.04405
1249.587 0.04432
1249.747 0.04383
1249.907 0.04394
1250.057 0.04405
1250.217 0.04278
1250.367 0.04466
1250.527 0.04475
1250.687 0.04451
1250.847 0.04349
1250.997 0.04504
1251.157 0.0452
1251.317 0.04527
1251.477 0.04451
1251.627 0.04534
1251.787 0.04548
1251.947 0.04541
1252.107 0.04499
1252.257 0.04548
1252.417 0.0457
1252.577 0.04517
1252.737 0.04536
1252.887 0.04531
1253.047 0.04408
1253.197 0.04587
1253.357 0.04632
1253.517 0.04613
1253.677 0.04526
1253.827 0.04666
1253.987 0.04658
1254.147 0.04644
1254.307 0.0458
1254.457 0.04655
1254.617 0.04645
1254.777 0.04616
1254.937 0.04583
1255.087 0.04593
1255.247 0.0443
1255.407 0.04391
1255.567 0.04425
1255.717 0.04394
1255.877 0.04254
1256.027 0.04444
1256.187 0.04477
1256.347 0.04442
1256.507 0.04356
1256.657 0.04489
1256.817 0.04483
1256.977 0.04472
1257.137 0.04397
1257.287 0.04479
1257.447 0.04495
1257.607 0.0447
1257.767 0.04431
1257.917 0.04442
1258.077 0.04265
1258.237 0.04214
1258.397 0.04226
1258.547 0.04223
1258.707 0.04104
1258.857 0.04267
1259.017 0.04294
1259.177 0.04267
1259.337 0.04165
1259.487 0.04324
1259.647 0.04337
1259.807 0.04337
1259.967 0.04267
1260.117 0.04314
1260.277 0.0433
1260.437 0.0431
1260.597 0.04272
1260.747 0.04293
1260.907 0.04084
1261.067 0.04059
1261.227 0.04104
1261.377 0.04092
1261.537 0.0397
1261.687 0.04142
1261.847 0.04193
1262.007 0.04178
1262.167 0.04069
1262.317 0.04192
1262.477 0.04198
1262.637 0.04195
1262.797 0.04134
1262.947 0.04191
1263.107 0.04199
1263.267 0.04163
1263.427 0.04139
1263.577 0.04162
1263.737 0.03994
1263.897 0.03984
1264.057 0.04026
1264.207 0.04011
1264.367 0.03907
1264.517 0.04084
1264.677 0.0411
1264.837 0.04113
1264.997 0.04011
1265.147 0.04145
1265.307 0.04126
1265.467 0.04129
1265.627 0.04072
1265.777 0.04136
1265.937 0.04141
1266.097 0.04108
1266.257 0.0407
1266.407 0.04072
1266.567 0.03921
1266.727 0.03873
1266.887 0.03904
1267.037 0.03905
1267.197 0.03773
1267.347 0.03959
1267.507 0.03984
1267.667 0.03961
1267.827 0.03877
1267.977 0.04028
1268.137 0.04045
1268.297 0.04038
1268.457 0.03975
1268.607 0.04029
1268.767 0.04022
1268.927 0.0399
1269.087 0.03969
1269.237 0.04009
1269.397 0.03838
1269.557 0.03802
1269.717 0.0384
1269.867 0.03837
1270.027 0.03711
1270.177 0.03884
1270.337 0.03921
1270.487 0.04205
1270.647 0.04257
1270.807 0.04377
1270.967 0.0438
1271.127 0.04393
1271.287 0.04331
1271.437 0.04384
1271.597 0.04399
1271.757 0.04366
1271.917 0.04343
1272.067 0.04371
1272.227 0.04227
1272.387 0.04212
1272.547 0.04252
1272.697 0.04244
1272.857 0.04133
1273.007 0.04311
1273.167 0.04338
1273.327 0.04347
1273.487 0.04303
1273.637 0.04425
1273.797 0.04431
1273.957 0.04422
1274.117 0.04369
1274.267 0.04461
1274.427 0.04459
1274.587 0.04414
1274.747 0.04399
1274.897 0.04435
1275.057 0.04297
1275.217 0.04249
1275.377 0.04279
1275.527 0.04305
1275.687 0.04207
1275.837 0.04398
1275.997 0.04441
1276.157 0.04436
1276.317 0.04375
1276.467 0.04497
1276.627 0.04489
1276.787 0.04484
1276.947 0.04429
1277.097 0.04514
1277.257 0.04497
1277.417 0.0446
1277.577 0.04447
1277.727 0.04451
1277.887 0.04306
1278.047 0.04282
1278.207 0.04304
1278.357 0.04318
1278.517 0.04203
1278.667 0.04389
1278.827 0.04391
1278.987 0.0437
1279.147 0.04322
1279.297 0.04445
1279.457 0.04441
1279.617 0.04442
1279.777 0.04413
1279.927 0.0446
1280.087 0.04485
1280.247 0.04444
1280.407 0.04416
1280.557 0.04463
1280.717 0.04313
1280.877 0.04294
1281.037 0.04332
1281.187 0.04333
1281.347 0.04216
1281.497 0.04394
1281.657 0.04434
1281.817 0.04425
1281.977 0.04349
1282.127 0.04492
1282.287 0.045
1282.447 0.045
1282.607 0.04434
1282.757 0.04514
1282.917 0.04534
1283.077 0.04499
1283.237 0.04465
1283.387 0.0451
1283.547 0.04358
1283.707 0.04328
1283.867 0.04082
1284.017 0.03934
1284.177 0.03849
1284.327 0.04037
1284.487 0.0406
1284.647 0.04063
1284.807 0.0399
1284.957 0.04118
1285.117 0.04118
1285.277 0.04122
1285.437 0.0407
1285.587 0.04154
1285.747 0.0416
1285.907 0.04131
1286.067 0.04114
1286.217 0.04129
1286.377 0.03986
1286.537 0.03952
1286.697 0.03964
1286.847 0.03932
1287.007 0.03841
1287.157 0.04035
1287.317 0.04069
1287.477 0.04057
1287.637 0.03988
1287.787 0.04128
1287.947 0.04122
1288.107 0.04129
1288.267 0.04081
1288.417 0.04152
1288.577 0.04164
1288.737 0.04125
1288.897 0.04096
1289.047 0.04121
1289.207 0.03976
1289.367 0.0395
1289.527 0.03986
1289.677 0.03996
1289.837 0.03895
1289.987 0.04104
1290.147 0.04125
1290.307 0.04116
1290.467 0.04039
1290.617 0.04186
1290.777 0.04186
1290.937 0.0418
1291.097 0.04127
1291.247 0.04186
1291.407 0.042
1291.567 0.04157
1291.727 0.04129
1291.877 0.04179
1292.037 0.0404
1292.197 0.04026
1292.357 0.04068
1292.507 0.04061
1292.667 0.03972
1292.817 0.04163
1292.977 0.042
1293.137 0.04175
1293.297 0.04117
1293.447 0.04244
1293.607 0.04252
1293.767 0.04247
1293.927 0.042
1294.077 0.04271
1294.237 0.04294
1294.397 0.04262
1294.557 0.0423
1294.707 0.04267
1294.867 0.04108
1295.027 0.0408
1295.187 0.04135
1295.337 0.04137
1295.497 0.04042
1295.647 0.04234
1295.807 0.04266
1295.967 0.0427
1296.127 0.04183
1296.277 0.04311
1296.437 0.04298
1296.597 0.04296
1296.757 0.04243
1296.907 0.04336
1297.067 0.04325
1297.227 0.04283
1297.387 0.0428
1297.537 0.04296
1297.697 0.04147
1297.857 0.04119
1298.017 0.04158
1298.167 0.0417
1298.327 0.04048
1298.477 0.04247
1298.637 0.04264
1298.797 0.04257
1298.957 0.04167
1299.107 0.04308
1299.267 0.04312
1299.427 0.04304
1299.587 0.04251
1299.737 0.0432
1299.897 0.04338
1300.057 0.04314
1300.217 0.04305
1300.367 0.04334
1300.527 0.04172
1300.687 0.04147
1300.847 0.0417
1300.997 0.04164
1301.157 0.0406
1301.307 0.04253
1301.467 0.04268
1301.627 0.04245
1301.787 0.04173
1301.937 0.04319
1302.097 0.04323
1302.257 0.04329
1302.417 0.04279
1302.567 0.04338
1302.727 0.04344
1302.887 0.04307
1303.047 0.04267
1303.197 0.04315
1303.357 0.04126
1303.517 0.04104
1303.677 0.04142
1303.827 0.04136
1303.987 0.04022
1304.137 0.04225
1304.297 0.0427
1304.457 0.04281
1304.617 0.04209
1304.767 0.04343
1304.927 0.04342
1305.087 0.04338
1305.247 0.04268
1305.397 0.04353
1305.557 0.04357
1305.717 0.04309
1305.877 0.0428
1306.027 0.04291
1306.187 0.04137
1306.347 0.04107
1306.507 0.04145
1306.657 0.04141
1306.817 0.0402
1306.967 0.04209
1307.127 0.04234
1307.287 0.0422
1307.447 0.04133
1307.597 0.04257
1307.757 0.04249
1307.917 0.04259
1308.077 0.04197
1308.227 0.04278
1308.387 0.04279
1308.547 0.04234
1308.707 0.04211
1308.857 0.04218
1309.017 0.04053
1309.177 0.04024
1309.337 0.04068
1309.487 0.04082
1309.647 0.03952
1309.797 0.04158
1309.957 0.04185
1310.117 0.04165
1310.277 0.04061
1310.427 0.04209
1310.587 0.04215
1310.747 0.04212
1310.907 0.04151
1311.057 0.04214
1311.217 0.04228
1311.377 0.04183
1311.537 0.04148
1311.687 0.04187
1311.847 0.04004
1312.007 0.03978
1312.167 0.04101
1312.317 0.04094
1312.477 0.0397
1312.627 0.0414
1312.787 0.04187
1312.947 0.04188
1313.107 0.0408
1313.257 0.04205
1313.417 0.04205
1313.577 0.04199
1313.737 0.04131
1313.887 0.042
1314.047 0.042
1314.207 0.04171
1314.367 0.04167
1314.517 0.04181
1314.677 0.04012
1314.837 0.03998
1314.997 0.04043
1315.147 0.04032
1315.307 0.03903
1315.457 0.04091
1315.617 0.04114
1315.777 0.04093
1315.937 0.04014
1316.087 0.04141
1316.247 0.04134
1316.407 0.04137
1316.567 0.04074
1316.717 0.04151
1316.877 0.04163
1317.037 0.04118
1317.197 0.04094
1317.347 0.04108
1317.507 0.03948
1317.667 0.03906
1317.827 0.0394
1317.977 0.03944
1318.137 0.03816
1318.287 0.04008
1318.447 0.04036
1318.607 0.04025
1318.767 0.03926
1318.917 0.04061
1319.077 0.0407
1319.237 0.04072
1319.397 0.0401
1319.547 0.04075
1319.707 0.04089
1319.867 0.04052
1320.027 0.04026
1320.177 0.04066
1320.337 0.03895
1320.487 0.04102
1320.647 0.04145
1320.807 0.04139
1320.967 0.04017
1321.117 0.04194
1321.277 0.04218
1321.437 0.04206
1321.597 0.04111
1321.747 0.04228
1321.907 0.04222
1322.067 0.04219
1322.227 0.04165
1322.377 0.04229
1322.537 0.04237
1322.697 0.0418
1322.857 0.04165
1323.007 0.04198
1323.167 0.04022
1323.327 0.04002
1323.487 0.04053
1323.637 0.04049
1323.797 0.0394
1323.947 0.04116
1324.107 0.04122
1324.267 0.04126
1324.427 0.04031
1324.577 0.04148
1324.737 0.04148
1324.897 0.04147
1325.057 0.04088
1325.207 0.04174
1325.367 0.04177
1325.527 0.04047
1325.687 0.04062
1325.837 0.04088
1325.997 0.03932
1326.157 0.03918
1326.317 0.03967
1326.467 0.03995
1326.627 0.03877
1326.777 0.04066
1326.937 0.04092
1327.097 0.04084
1327.257 0.04007
1327.407 0.04143
1327.567 0.0415
1327.727 0.04128
1327.887 0.04068
1328.037 0.04136
1328.197 0.04143
1328.357 0.04096
1328.517 0.04093
1328.667 0.04131
1328.827 0.03969
1328.987 0.03949
1329.147 0.04002
1329.297 0.03993
1329.457 0.03873
1329.607 0.04059
1329.767 0.04078
1329.927 0.04059
1330.087 0.0398
1330.237 0.04093
1330.397 0.04094
1330.557 0.0409
1330.717 0.04046
1330.867 0.04091
1331.027 0.04112
1331.187 0.04073
1331.347 0.04057
1331.497 0.04091
1331.657 0.03935
1331.817 0.03911
1331.977 0.03968
1332.127 0.03945
1332.287 0.03848
1332.437 0.04021
1332.597 0.04035
1332.757 0.04036
1332.917 0.0395
1333.067 0.04065
1333.227 0.04076
1333.387 0.04069
1333.547 0.04
1333.697 0.04083
1333.857 0.03861
1334.017 0.03806
1334.177 0.03814
1334.327 0.03836
1334.487 0.03698
1334.647 0.03678
1334.807 0.03742
1334.957 0.03747
1335.117 0.03642
1335.267 0.0382
1335.427 0.03832
1335.587 0.03829
1335.747 0.0375
1335.897 0.03873
1336.057 0.03872
1336.217 0.03858
1336.377 0.03807
1336.527 0.03877
1336.687 0.03886
1336.847 0.0384
1337.007 0.03848
1337.157 0.03864
1337.317 0.0372
1337.477 0.03708
1337.637 0.03758
1337.787 0.03764
1337.947 0.03646
1338.097 0.03825
1338.257 0.03834
1338.417 0.03831
1338.577 0.03758
1338.727 0.03899
1338.887 0.03895
1339.047 0.03869
1339.207 0.03809
1339.357 0.03863
1339.517 0.03872
1339.677 0.03815
1339.837 0.03779
1339.987 0.03809
1340.147 0.03663
1340.307 0.03648
1340.467 0.0372
1340.617 0.03707
1340.777 0.03596
1340.927 0.03769
1341.087 0.03792
1341.247 0.03793
1341.407 0.03711
1341.557 0.0383
1341.717 0.03845
1341.877 0.03832
1342.037 0.03769
1342.187 0.03815
1342.347 0.03836
1342.507 0.03788
1342.667 0.03793
1342.817 0.03812
1342.977 0.03665
1343.137 0.03653
1343.297 0.03736
1343.447 0.03722
1343.607 0.03633
1343.757 0.03807
1343.917 0.03816
1344.077 0.03801
1344.237 0.03714
1344.387 0.03822
1344.547 0.03828
1344.707 0.03834
1344.867 0.03773
1345.017 0.03827
1345.177 0.03846
1345.337 0.03788
1345.497 0.03811
1345.647 0.03805
1345.807 0.03665
1345.957 0.03861
1346.117 0.03927
1346.277 0.03928
1346.437 0.03823
1346.587 0.03992
1346.747 0.03999
1346.907 0.03994
1347.067 0.03917
1347.217 0.04036
1347.377 0.04034
1347.537 0.04021
1347.697 0.0397
1347.847 0.04013
1348.007 0.04025
1348.167 0.03971
1348.327 0.03974
1348.477 0.03988
1348.637 0.03835
1348.787 0.04052
1348.947 0.04092
1349.107 0.04091
1349.267 0.03979
1349.417 0.04151
1349.577 0.04154
1349.737 0.0416
1349.897 0.04095
1350.047 0.04206
1350.207 0.04212
1350.367 0.04196
1350.527 0.04146
1350.677 0.04178
1350.837 0.04216
1350.997 0.04158
1351.157 0.04173
1351.307 0.04202
1351.467 0.04058
1351.617 0.04262
1351.777 0.04291
1351.937 0.0427
1352.097 0.04178
1352.247 0.04331
1352.407 0.04334
1352.567 0.04338
1352.727 0.04265
1352.877 0.04344
1353.037 0.04365
1353.197 0.04365
1353.357 0.0431
1353.507 0.04345
1353.667 0.04361
1353.817 0.0453
1353.977 0.04581
1354.137 0.04595
1354.297 0.0445
1354.447 0.04625
1354.607 0.04672
1354.767 0.04677
1354.927 0.04567
1355.077 0.04712
1355.237 0.04706
1355.397 0.04704
1355.557 0.04641
1355.707 0.04732
1355.867 0.04733
1356.027 0.04716
1356.187 0.04678
1356.337 0.04723
1356.497 0.04724
1356.657 0.04657
1356.817 0.04702
1356.967 0.04693
1357.127 0.04556
1357.277 0.04755
1357.437 0.04801
1357.597 0.04811
1357.757 0.04708
1357.907 0.0485
1358.067 0.04834
1358.227 0.04837
1358.387 0.04763
1358.537 0.04863
1358.697 0.04872
1358.857 0.04853
1359.017 0.04827
1359.167 0.04847
1359.327 0.04664
1359.487 0.04606
1359.647 0.04623
1359.797 0.04634
1359.957 0.04493
1360.107 0.0468
1360.267 0.04713
1360.427 0.04684
1360.587 0.04599
1360.737 0.04769
1360.897 0.04765
1361.057 0.04781
1361.217 0.04721
1361.367 0.048
1361.527 0.04819
1361.687 0.04792
1361.847 0.04747
1361.997 0.04794
1362.157 0.04605
1362.317 0.04564
1362.477 0.04591
1362.627 0.04609
1362.787 0.04477
1362.937 0.04665
1363.097 0.04694
1363.257 0.04657
1363.417 0.04566
1363.567 0.04709
1363.727 0.04706
1363.887 0.04705
1364.047 0.04635
1364.197 0.04697
1364.357 0.04722
1364.517 0.04689
1364.677 0.0466
1364.827 0.04699
1364.987 0.045
1365.147 0.04466
1365.307 0.04502
1365.457 0.04471
1365.617 0.04357
1365.767 0.04554
1365.927 0.04591
1366.087 0.04576
1366.247 0.045
1366.397 0.04632
1366.557 0.04645
1366.717 0.04661
1366.877 0.04599
1367.027 0.04684
1367.187 0.04463
1367.347 0.04397
1367.507 0.04371
1367.657 0.04391
1367.817 0.04222
1367.977 0.04184
1368.137 0.0421
1368.287 0.04217
1368.447 0.04096
1368.597 0.04278
1368.757 0.04293
1368.917 0.04282
1369.077 0.04191
1369.227 0.04324
1369.387 0.04312
1369.547 0.04319
1369.707 0.04247
1369.857 0.04319
1370.017 0.04334
1370.177 0.04285
1370.337 0.04254
1370.487 0.0427
1370.647 0.04098
1370.807 0.04055
1370.967 0.04096
1371.117 0.04102
1371.277 0.03974
1371.427 0.0415
1371.587 0.04172
1371.747 0.04159
1371.907 0.04061
1372.057 0.04204
1372.217 0.04189
1372.377 0.04175
1372.537 0.04114
1372.687 0.04179
1372.847 0.04194
1373.007 0.04165
1373.167 0.0413
1373.317 0.04149
1373.477 0.0397
1373.637 0.03949
1373.797 0.04017
1373.947 0.03991
1374.107 0.03861
1374.257 0.04044
1374.417 0.04062
1374.577 0.0404
1374.737 0.03955
1374.887 0.04071
1375.047 0.04093
1375.207 0.04092
1375.367 0.04024
1375.517 0.04083
1375.677 0.04094
1375.837 0.04049
1375.997 0.04033
1376.147 0.04049
1376.307 0.03875
1376.467 0.03846
1376.627 0.039
1376.777 0.03889
1376.937 0.03776
1377.087 0.03961
1377.247 0.03972
1377.407 0.03968
1377.567 0.03883
1377.717 0.03994
1377.877 0.04001
1378.037 0.03995
1378.197 0.03922
1378.347 0.03996
1378.507 0.04019
1378.667 0.03981
1378.827 0.03977
1378.977 0.03976
1379.137 0.03803
1379.287 0.0398
1379.447 0.04037
1379.607 0.04011
1379.767 0.03884
1379.917 0.04046
1380.077 0.04036
1380.237 0.04029
1380.397 0.03936
1380.547 0.04049
1380.707 0.04043
1380.867 0.04032
1381.027 0.03975
1381.177 0.04032
1381.337 0.04053
1381.497 0.04013
1381.657 0.03994
1381.807 0.0401
1381.967 0.03852
1382.117 0.04049
1382.277 0.04084
1382.437 0.04082
1382.597 0.03975
1382.747 0.0416
1382.907 0.04173
1383.067 0.04162
1383.227 0.04091
1383.377 0.04191
1383.537 0.04195
1383.697 0.04193
1383.857 0.04147
1384.007 0.04198
1384.167 0.04217
1384.327 0.04169
1384.487 0.04155
1384.637 0.04172
1384.797 0.04029
1384.947 0.04216
1385.107 0.0427
1385.267 0.0425
1385.427 0.04127
1385.577 0.04308
1385.737 0.04324
1385.897 0.04323
1386.057 0.04233
1386.207 0.04328
1386.367 0.04336
1386.527 0.04334
1386.687 0.04275
1386.837 0.04346
1386.997 0.0437
1387.147 0.04559
1387.307 0.04611
1387.467 0.04597
1387.627 0.04453
1387.777 0.04628
1387.937 0.04662
1388.097 0.0466
1388.257 0.04541
1388.407 0.04689
1388.567 0.04691
1388.727 0.04706
1388.887 0.04626
1389.037 0.04724
1389.197 0.04731
1389.357 0.04708
1389.517 0.04657
1389.667 0.04687
1389.827 0.0471
1389.987 0.04656
1390.147 0.04657
1390.297 0.04651
1390.457 0.04492
1390.607 0.0469
1390.767 0.04718
1390.927 0.04697
1391.087 0.04594
1391.237 0.0475
1391.397 0.04746
1391.557 0.04746
1391.717 0.04653
1391.867 0.04741
1392.027 0.04753
1392.187 0.04733
1392.347 0.04709
1392.497 0.04738
1392.657 0.04545
1392.817 0.04501
1392.977 0.04537
1393.127 0.04543
1393.287 0.04402
1393.437 0.04597
1393.597 0.04635
1393.757 0.04617
1393.917 0.04509
1394.067 0.04681
1394.227 0.04677
1394.387 0.04681
1394.547 0.04595
1394.697 0.04675
1394.857 0.04696
1395.017 0.0469
1395.177 0.04649
1395.327 0.04682
1395.487 0.04495
1395.647 0.04468
1395.807 0.04495
1395.957 0.04479
1396.117 0.04331
1396.267 0.04501
1396.427 0.04542
1396.587 0.04534
1396.747 0.04433
1396.897 0.04572
1397.057 0.0458
1397.217 0.04577
1397.377 0.04483
1397.527 0.04574
1397.687 0.0457
1397.847 0.04566
1398.007 0.04531
1398.157 0.04548
1398.317 0.04377
1398.477 0.04321
1398.637 0.04353
1398.787 0.04354
1398.947 0.04216
1399.097 0.04398
1399.257 0.04418
1399.417 0.04405
1399.577 0.0431
1399.727 0.04447
1399.887 0.04447
1400.047 0.04465
1400.207 0.04385
1400.357 0.04446
1400.517 0.04214
1400.677 0.04144
1400.837 0.04145
1400.987 0.04151
1401.147 0.03978
1401.307 0.03944
1401.467 0.03985
1401.617 0.04
1401.777 0.03849
1401.927 0.0404
1402.087 0.04044
1402.247 0.04022
1402.407 0.03935
1402.557 0.04066
1402.717 0.0406
1402.877 0.04059
1403.037 0.04
1403.187 0.04053
1403.347 0.04085
1403.507 0.04063
1403.667 0.04055
1403.817 0.04083
1403.977 0.03905
1404.137 0.0388
1404.297 0.03949
1404.447 0.03938
1404.607 0.03805
1404.757 0.03969
1404.917 0.0399
1405.077 0.0401
1405.237 0.03906
1405.387 0.04014
1405.547 0.04024
1405.707 0.04014
1405.867 0.03945
1406.017 0.04009
1406.177 0.04023
1406.337 0.0397
1406.497 0.03967
1406.647 0.03979
1406.807 0.03816
1406.967 0.0378
1407.127 0.03832
1407.277 0.03827
1407.437 0.03681
1407.587 0.03851
1407.747 0.03853
1407.907 0.03851
1408.067 0.0376
1408.217 0.03867
1408.377 0.0385
1408.537 0.03862
1408.697 0.03798
1408.847 0.03856
1409.007 0.03885
1409.167 0.03853
1409.327 0.0387
1409.477 0.03881
1409.637 0.0371
1409.787 0.03898
1409.947 0.03932
1410.107 0.03914
1410.267 0.03805
1410.417 0.03962
1410.577 0.03981
1410.737 0.03996
1410.897 0.03905
1411.047 0.04027
1411.207 0.04025
1411.367 0.04016
1411.527 0.03953
1411.677 0.03992
1411.837 0.04036
1411.997 0.04018
1412.157 0.04014
1412.307 0.04024
1412.467 0.03868
1412.617 0.04068
1412.777 0.04109
1412.937 0.04082
1413.097 0.03975
1413.247 0.04139
1413.407 0.0414
1413.567 0.04137
1413.727 0.04053
1413.877 0.04144
1414.037 0.04161
1414.197 0.04143
1414.357 0.04093
1414.507 0.0415
1414.667 0.04176
1414.827 0.04115
1414.987 0.04116
1415.137 0.04122
1415.297 0.03974
1415.447 0.04161
1415.607 0.04215
1415.767 0.04211
1415.927 0.04086
1416.077 0.04254
1416.237 0.04248
1416.397 0.04255
1416.557 0.04184
1416.707 0.04271
1416.867 0.04271
1417.027 0.04243
1417.187 0.04185
1417.337 0.04227
1417.497 0.04274
1417.657 0.04216
1417.817 0.04216
1417.967 0.04224
1418.127 0.04084
1418.277 0.04267
1418.437 0.04278
1418.597 0.04285
1418.757 0.04193
1418.907 0.04346
1419.067 0.04351
1419.227 0.04361
1419.387 0.04298
1419.537 0.04386
1419.697 0.04418
1419.857 0.04391
1420.017 0.04351
1420.167 0.0439
1420.327 0.04421
1420.487 0.0437
1420.647 0.04392
1420.797 0.04398
1420.957 0.04268
1421.107 0.04488
1421.267 0.04529
1421.427 0.04513
1421.587 0.04422
1421.737 0.0459
1421.897 0.04567
1422.057 0.04563
1422.217 0.04498
1422.367 0.04585
1422.527 0.04593
1422.687 0.04592
1422.847 0.04543
1422.997 0.04588
1423.157 0.04394
1423.317 0.04356
1423.477 0.04387
1423.627 0.04379
1423.787 0.04263
1423.937 0.04459
1424.097 0.04491
1424.257 0.04478
1424.417 0.04377
1424.567 0.04518
1424.727 0.04522
1424.887 0.04534
1425.047 0.0446
1425.197 0.04539
1425.357 0.04517
1425.517 0.04493
1425.677 0.04466
1425.827 0.04488
1425.987 0.04313
1426.147 0.0427
1426.307 0.04317
1426.457 0.04309
1426.617 0.04164
1426.767 0.04349
1426.927 0.04363
1427.087 0.04349
1427.247 0.04252
1427.397 0.04388
1427.557 0.04385
1427.717 0.04381
1427.877 0.04301
1428.027 0.04364
1428.187 0.04397
1428.347 0.04363
1428.507 0.04351
1428.657 0.04375
1428.817 0.04191
1428.977 0.04139
1429.137 0.04163
1429.287 0.04166
1429.447 0.04031
1429.597 0.04226
1429.757 0.04239
1429.917 0.0423
1430.077 0.04128
1430.227 0.04272
1430.387 0.0427
1430.547 0.04271
1430.707 0.04202
1430.857 0.04266
1431.017 0.04278
1431.177 0.04293
1431.337 0.04273
1431.487 0.04304
1431.647 0.04127
1431.807 0.04103
1431.967 0.04146
1432.117 0.04131
1432.277 0.04007
1432.427 0.04199
1432.587 0.0421
1432.747 0.04197
1432.907 0.04088
1433.057 0.04202
1433.217 0.04194
1433.377 0.04188
1433.537 0.0412
1433.687 0.04197
1433.847 0.04203
1434.007 0.04172
1434.167 0.0416
1434.317 0.04172
1434.477 0.0398
1434.637 0.03951
1434.797 0.03998
1434.947 0.03982
1435.107 0.03838
1435.257 0.04026
1435.417 0.04037
1435.577 0.04015
1435.737 0.03918
1435.887 0.04027
1436.047 0.03993
1436.207 0.04007
1436.367 0.03936
1436.517 0.03998
1436.677 0.04027
1436.837 0.03988
1436.997 0.03975
1437.147 0.03983
1437.307 0.03801
1437.467 0.03755
1437.627 0.03806
1437.777 0.03797
1437.937 0.03685
1438.087 0.03859
1438.247 0.03875
1438.407 0.03869
1438.567 0.0377
1438.717 0.03898
1438.877 0.03906
1439.037 0.03885
1439.197 0.03828
1439.347 0.03875
1439.507 0.03907
1439.667 0.0386
1439.827 0.03851
1439.977 0.03871
1440.137 0.037
1440.297 0.03693
1440.457 0.03767
1440.607 0.03755
1440.767 0.03643
1440.917 0.0382
1441.077 0.0384
1441.237 0.03836
1441.397 0.03744
1441.547 0.03847
1441.707 0.03868
1441.867 0.03859
1442.027 0.03792
1442.177 0.0385
1442.337 0.03863
1442.497 0.03817
1442.657 0.03839
1442.807 0.03854
1442.967 0.03703
1443.127 0.03693
1443.287 0.03744
1443.437 0.03746
1443.597 0.03622
1443.747 0.03805
1443.907 0.03805
1444.067 0.03802
1444.227 0.03698
1444.377 0.038
1444.537 0.03762
1444.697 0.03747
1444.857 0.03694
1445.007 0.03756
1445.167 0.03772
1445.327 0.03714
1445.487 0.03733
1445.637 0.03735
1445.797 0.03571
1445.947 0.03767
1446.107 0.0379
1446.267 0.03802
1446.427 0.03681
1446.577 0.03851
1446.737 0.03862
1446.897 0.0386
1447.057 0.03751
1447.207 0.0388
1447.367 0.03879
1447.527 0.03871
1447.687 0.03815
1447.837 0.0386
1447.997 0.03895
1448.157 0.03853
1448.317 0.03862
1448.467 0.03893
1448.627 0.03744
1448.777 0.0395
1448.937 0.03975
1449.097 0.03948
1449.257 0.03846
1449.407 0.04014
1449.567 0.0401
1449.727 0.0401
1449.887 0.03927
1450.037 0.04005
1450.197 0.04031
1450.357 0.0403
1450.517 0.03969
1450.667 0.04008
1450.827 0.04046
1450.987 0.03998
1451.147 0.04017
1451.297 0.04002
1451.457 0.03869
1451.607 0.0405
1451.767 0.04091
1451.927 0.04067
1452.087 0.0397
1452.237 0.0412
1452.397 0.04121
1452.557 0.04112
1452.717 0.04034
1452.867 0.04113
1453.027 0.0414
1453.187 0.04131
1453.347 0.04109
1453.497 0.04162
1453.657 0.04158
1453.817 0.04087
1453.977 0.04129
1454.127 0.04116
1454.287 0.0397
1454.437 0.04158
1454.597 0.04176
1454.757 0.04203
1454.917 0.04088
1455.067 0.0422
1455.227 0.04221
1455.387 0.04224
1455.547 0.04139
1455.697 0.0423
1455.857 0.0423
1456.017 0.04185
1456.177 0.0417
1456.327 0.04178
1456.487 0.04195
1456.647 0.04138
1456.807 0.04167
1456.957 0.04177
1457.112 0.04036
1457.272 0.04045
1457.432 0.04069
1457.582 0.04215
1457.742 0.04094
1457.902 0.04094
1458.062 0.04113
1458.212 0.04218
1458.372 0.04152
1458.532 0.04146
1458.692 0.04155
1458.842 0.04204
1459.002 0.04193
1459.162 0.0416
1459.322 0.03985
1459.472 0.03973
1459.632 0.03996
1459.782 0.0418
1459.942 0.04057
1460.102 0.04063
1460.262 0.04085
1460.412 0.04232
1460.572 0.04091
1460.732 0.04094
1460.892 0.04106
1461.042 0.04226
1461.202 0.0415
1461.362 0.04104
1461.522 0.04115
1461.672 0.04152
1461.832 0.04134
1461.992 0.04101
1462.152 0.03925
1462.302 0.0394
1462.462 0.03962
1462.612 0.04124
1462.772 0.03989
1462.932 0.04003
1463.092 0.04021
1463.242 0.0417
1463.402 0.04073
1463.562 0.04048
1463.722 0.04049
1463.872 0.04165
1464.032 0.04109
1464.192 0.04074
1464.352 0.04059
1464.502 0.04106
1464.662 0.0411
1464.822 0.04079
1464.982 0.03913
1465.132 0.03901
1465.292 0.03932
1465.442 0.04117
1465.602 0.03992
1465.762 0.03985
1465.922 0.04011
1466.072 0.04152
1466.232 0.04049
1466.392 0.0402
1466.552 0.04012
1466.702 0.04102
1466.862 0.04046
1467.022 0.04046
1467.182 0.04051
1467.332 0.04081
1467.492 0.04093
1467.652 0.04059
1467.812 0.03899
1467.962 0.03895
1468.122 0.03912
1468.272 0.04092
1468.432 0.03971
1468.592 0.03972
1468.752 0.03994
1468.902 0.04153
1469.062 0.04055
1469.222 0.04074
1469.382 0.04099
1469.532 0.04186
1469.692 0.04153
1469.852 0.04138
1470.012 0.0416
1470.162 0.04182
1470.322 0.04193
1470.482 0.0415
1470.642 0.04184
1470.792 0.04193
1470.952 0.04064
1471.102 0.04269
1471.262 0.04295
1471.422 0.0427
1471.582 0.0418
1471.732 0.04317
1471.892 0.04309
1472.052 0.0431
1472.212 0.04229
1472.362 0.04305
1472.522 0.04326
1472.682 0.0431
1472.842 0.04304
1472.992 0.04343
1473.152 0.04169
1473.312 0.04126
1473.472 0.04182
1473.622 0.04174
1473.782 0.04049
1473.932 0.04247
1474.092 0.04263
1474.252 0.04261
1474.412 0.04177
1474.562 0.04308
1474.722 0.04307
1474.882 0.04288
1475.042 0.04224
1475.192 0.04297
1475.352 0.04323
1475.512 0.0431
1475.672 0.04283
1475.822 0.04319
1475.982 0.04163
1476.142 0.0414
1476.302 0.04173
1476.452 0.04155
1476.612 0.04043
1476.762 0.04103
1476.922 0.04114
1477.082 0.04106
1477.242 0.04021
1477.392 0.04138
1477.552 0.04152
1477.712 0.04173
1477.872 0.04101
1478.022 0.04159
1478.182 0.04171
1478.342 0.04137
1478.502 0.04132
1478.652 0.04143
1478.812 0.03986
1478.972 0.03948
1479.132 0.04008
1479.282 0.04003
1479.442 0.03881
1479.592 0.04052
1479.752 0.04052
1479.912 0.04055
1480.072 0.03963
1480.222 0.04067
1480.382 0.0406
1480.542 0.0408
1480.702 0.04008
1480.852 0.04049
1481.012 0.04065
1481.172 0.04026
1481.332 0.04031
1481.482 0.04038
1481.642 0.03872
1481.792 0.04064
1481.952 0.04089
1482.112 0.04083
1482.272 0.03956
1482.422 0.04121
1482.582 0.04116
1482.742 0.04109
1482.902 0.04
1483.052 0.04096
1483.212 0.04099
1483.372 0.04076
1483.532 0.04026
1483.682 0.04063
1483.842 0.04102
1484.002 0.04081
1484.162 0.04095
1484.312 0.04107
1484.472 0.03913
1484.622 0.04091
1484.782 0.04126
1484.942 0.04104
1485.102 0.03959
1485.252 0.04098
1485.412 0.04087
1485.572 0.04079
1485.732 0.03988
1485.882 0.04076
1486.042 0.04075
1486.202 0.04069
1486.362 0.04007
1486.512 0.04044
1486.672 0.04072
1486.832 0.04008
1486.992 0.04047
1487.142 0.04032
1487.302 0.03882
1487.452 0.04059
1487.612 0.04068
1487.772 0.04035
1487.932 0.03926
1488.082 0.04078
1488.242 0.04092
1488.402 0.04103
1488.562 0.04001
1488.712 0.0407
1488.872 0.04062
1489.032 0.04068
1489.192 0.04028
1489.342 0.04018
1489.502 0.04055
1489.662 0.04016
1489.822 0.04075
1489.972 0.04042
1490.132 0.04004
1490.282 0.04178
1490.442 0.0418
1490.602 0.04156
1490.762 0.04047
1490.912 0.04182
1491.072 0.04165
1491.232 0.04166
1491.392 0.0407
1491.542 0.0413
1491.702 0.04145
1491.862 0.04124
1492.022 0.04101
1492.172 0.041
1492.332 0.04133
1492.482 0.04313
1492.642 0.04343
1492.802 0.04327
1492.962 0.04184
1493.112 0.04376
1493.272 0.04383
1493.432 0.04373
1493.592 0.04249
1493.742 0.04375
1493.902 0.04354
1494.062 0.04356
1494.222 0.04278
1494.372 0.04337
1494.532 0.04361
1494.692 0.04347
1494.852 0.04339
1495.002 0.04363
1495.162 0.04171
1495.312 0.04343
1495.472 0.04364
1495.632 0.0433
1495.792 0.04189
1495.942 0.04351
1496.102 0.04343
1496.262 0.04331
1496.422 0.04229
1496.572 0.04329
1496.732 0.04369
1496.892 0.04376
1497.052 0.04292
1497.202 0.04324
1497.362 0.0433
1497.522 0.04293
1497.682 0.04293
1497.832 0.04309
1497.992 0.04152
1498.142 0.04331
1498.302 0.0436
1498.462 0.04348
1498.622 0.04233
1498.772 0.04388
1498.932 0.04396
1499.092 0.04395
1499.252 0.04295
1499.402 0.04382
1499.562 0.04387
1499.722 0.04389
1499.882 0.04348
1500.032 0.0437
1500.192 0.04406
1500.352 0.04351
1500.512 0.04381
1500.662 0.04353
1500.822 0.04193
1500.972 0.04346
1501.132 0.0437
1501.292 0.04343
1501.452 0.04226
1501.602 0.04355
1501.762 0.04411
1501.922 0.04426
1502.082 0.04336
1502.232 0.04409
1502.392 0.04415
1502.552 0.04402
1502.712 0.04403
1502.862 0.04392
1503.022 0.04415
1503.172 0.04579
1503.332 0.0462
1503.492 0.04609
1503.652 0.04455
1503.802 0.04634
1503.962 0.04636
1504.122 0.0461
1504.282 0.04493
1504.432 0.04633
1504.592 0.04628
1504.752 0.04649
1504.912 0.04561
1505.062 0.04602
1505.222 0.04634
1505.382 0.04623
1505.542 0.04606
1505.692 0.04617
1505.852 0.04411
1506.002 0.04571
1506.162 0.04584
1506.322 0.04553
1506.482 0.04396
1506.632 0.04534
1506.792 0.04544
1506.952 0.04562
1507.112 0.04462
1507.262 0.0457
1507.422 0.04585
1507.582 0.04592
1507.742 0.04518
1507.892 0.04549
1508.052 0.04579
1508.212 0.04569
1508.372 0.04559
1508.522 0.0456
1508.682 0.04393
1508.832 0.04558
1508.992 0.04583
1509.152 0.04561
1509.312 0.04421
1509.462 0.04572
1509.622 0.04569
1509.782 0.04557
1509.942 0.04472
1510.092 0.04454
1510.252 0.04454
1510.412 0.04483
1510.572 0.04426
1510.722 0.04474
1510.882 0.04495
1511.042 0.04455
1511.202 0.04482
1511.352 0.04451
1511.512 0.04282
1511.662 0.04455
1511.822 0.04488
1511.982 0.04454
1512.142 0.04316
1512.292 0.04457
1512.452 0.04449
1512.612 0.04439
1512.772 0.04333
1512.922 0.04417
1513.082 0.04412
1513.242 0.0441
1513.402 0.04381
1513.552 0.04392
1513.712 0.04426
1513.872 0.04378
1514.032 0.04404
1514.182 0.04377
1514.342 0.04237
1514.492 0.04393
1514.652 0.04407
1514.812 0.04377
1514.972 0.04266
1515.122 0.04328
1515.282 0.04315
1515.442 0.04329
1515.602 0.04254
1515.752 0.04328
1515.912 0.04349
1516.072 0.04329
1516.232 0.04305
1516.382 0.04305
1516.542 0.04131
1516.702 0.04085
1516.862 0.04116
1517.012 0.04086
1517.172 0.0394
1517.322 0.04118
1517.482 0.04121
1517.642 0.04113
1517.802 0.04004
1517.952 0.04132
1518.112 0.04114
1518.272 0.04128
1518.432 0.04069
1518.582 0.04105
1518.742 0.04125
1518.902 0.04102
1519.062 0.04077
1519.212 0.04085
1519.372 0.03906
1519.522 0.04114
1519.682 0.04148
1519.842 0.04118
1520.002 0.04005
1520.152 0.04173
1520.312 0.04161
1520.472 0.04149
1520.632 0.04048
1520.782 0.0414
1520.942 0.04155
1521.102 0.04152
1521.262 0.04103
1521.412 0.04143
1521.572 0.04123
1521.732 0.04081
1521.892 0.04087
1522.042 0.04092
1522.202 0.03921
1522.352 0.04093
1522.512 0.04127
1522.672 0.04089
1522.832 0.03965
1522.982 0.04136
1523.142 0.04139
1523.302 0.0411
1523.462 0.04109
1523.612 0.04197
1523.772 0.04192
1523.932 0.04198
1524.092 0.04129
1524.242 0.04167
1524.402 0.04193
1524.562 0.04137
1524.722 0.04181
1524.872 0.04159
1525.032 0.03983
1525.182 0.04148
1525.342 0.04188
1525.502 0.04178
1525.662 0.04061
1525.812 0.04216
1525.972 0.04219
1526.132 0.04234
1526.292 0.04149
1526.442 0.04241
1526.602 0.04237
1526.762 0.04227
1526.922 0.04202
1527.072 0.04217
1527.232 0.04264
1527.392 0.04224
1527.552 0.04256
1527.702 0.04239
1527.862 0.04099
1528.012 0.04271
1528.172 0.04272
1528.332 0.04238
1528.492 0.04111
1528.642 0.04246
1528.802 0.0422
1528.962 0.04216
1529.122 0.04127
1529.272 0.04198
1529.432 0.04222
1529.592 0.0422
1529.752 0.042
1529.902 0.04202
1530.062 0.04226
1530.212 0.04407
1530.372 0.04446
1530.532 0.04424
1530.692 0.04281
1530.842 0.04476
1531.002 0.04469
1531.162 0.04466
1531.322 0.04368
1531.472 0.04504
1531.632 0.04501
1531.792 0.04511
1531.952 0.04437
1532.102 0.04492
1532.262 0.04523
1532.422 0.04524
1532.582 0.04514
1532.732 0.04526
1532.892 0.04336
1533.042 0.04522
1533.202 0.04555
1533.362 0.04508
1533.522 0.04368
1533.672 0.04547
1533.832 0.04534
1533.992 0.04526
1534.152 0.04426
1534.302 0.0452
1534.462 0.04548
1534.622 0.04556
1534.782 0.04478
1534.932 0.04546
1535.092 0.04613
1535.252 0.04576
1535.412 0.04571
1535.562 0.04561
1535.722 0.04413
1535.872 0.04581
1536.032 0.04624
1536.192 0.04597
1536.352 0.04459
1536.502 0.04618
1536.662 0.04624
1536.822 0.0462
1536.982 0.04518
1537.132 0.04611
1537.292 0.04608
1537.452 0.04619
1537.612 0.04556
1537.762 0.04591
1537.922 0.04631
1538.082 0.04572
1538.242 0.04585
1538.392 0.04577
1538.552 0.04412
1538.702 0.0457
1538.862 0.04591
1539.022 0.04566
1539.182 0.04448
1539.332 0.04598
1539.492 0.04585
1539.652 0.04603
1539.812 0.04515
1539.962 0.04594
1540.122 0.04606
1540.282 0.04597
1540.442 0.04542
1540.592 0.04547
1540.752 0.0458
1540.912 0.0453
1541.072 0.04565
1541.222 0.04542
1541.382 0.04394
1541.532 0.04578
1541.692 0.04604
1541.852 0.04619
1542.012 0.04518
1542.162 0.04667
1542.322 0.04659
1542.482 0.04663
1542.642 0.04587
1542.792 0.04638
1542.952 0.04674
1543.112 0.04684
1543.272 0.04645
1543.422 0.04669
1543.582 0.0448
1543.732 0.04671
1543.892 0.04706
1544.052 0.04668
1544.212 0.04531
1544.362 0.04699
1544.522 0.04685
1544.682 0.04656
1544.842 0.0456
1544.992 0.04685
1545.152 0.04691
1545.312 0.04731
1545.472 0.04657
1545.622 0.04698
1545.782 0.04702
1545.942 0.04701
1546.102 0.04674
1546.252 0.04653
1546.412 0.04496
1546.562 0.04677
1546.722 0.04721
1546.882 0.04679
1547.042 0.04535
1547.192 0.04697
1547.352 0.04689
1547.512 0.04689
1547.672 0.04601
1547.822 0.04699
1547.982 0.04686
1548.142 0.04692
1548.302 0.04608
1548.452 0.04604
1548.612 0.04641
1548.772 0.04605
1548.932 0.04615
1549.082 0.04596
1549.242 0.04424
1549.392 0.0458
1549.552 0.04596
1549.712 0.04574
1549.872 0.04457
1550.022 0.04604
1550.182 0.04596
1550.342 0.04597
1550.502 0.04494
1550.652 0.04574
1550.812 0.04583
1550.972 0.04575
1551.132 0.04515
1551.282 0.04528
1551.442 0.0458
1551.602 0.04554
1551.762 0.04683
1551.912 0.04667
1552.072 0.04512
1552.222 0.0468
1552.382 0.04706
1552.542 0.04676
1552.702 0.04549
1552.852 0.04686
1553.012 0.0466
1553.172 0.0465
1553.332 0.04563
1553.482 0.04632
1553.642 0.04644
1553.802 0.04684
1553.962 0.04656
1554.112 0.04672
1554.272 0.04705
1554.432 0.04655
1554.592 0.04693
1554.742 0.04656
1554.902 0.04511
1555.052 0.0467
1555.212 0.0466
1555.372 0.04623
1555.532 0.04492
1555.682 0.04606
1555.842 0.04612
1556.002 0.04617
1556.162 0.04534
1556.312 0.04577
1556.472 0.04575
1556.632 0.04565
1556.792 0.04533
1556.942 0.04522
1557.102 0.04341
1557.252 0.04517
1557.412 0.04569
1557.572 0.04518
1557.732 0.04367
1557.882 0.04526
1558.042 0.04516
1558.202 0.045
1558.362 0.04394
1558.512 0.04499
1558.672 0.0447
1558.832 0.04476
1558.992 0.04389
1559.142 0.04432
1559.302 0.04446
1559.462 0.04437
1559.622 0.04432
1559.772 0.04408
1559.932 0.04237
1560.082 0.04416
1560.242 0.04434
1560.402 0.04389
1560.562 0.04268
1560.712 0.04439
1560.872 0.04422
1561.032 0.04409
1561.192 0.04285
1561.342 0.04377
1561.502 0.04395
1561.662 0.04398
1561.822 0.0433
1561.972 0.04347
1562.132 0.04389
1562.292 0.04361
1562.452 0.0439
1562.602 0.0438
1562.762 0.04248
1562.912 0.04426
1563.072 0.04446
1563.232 0.04405
1563.392 0.04297
1563.542 0.04446
1563.702 0.04442
1563.862 0.04449
1564.022 0.04351
1564.172 0.04411
1564.332 0.04436
1564.492 0.04468
1564.652 0.04419
1564.802 0.04412
1564.962 0.04442
1565.122 0.04286
1565.282 0.04323
1565.432 0.04277
1565.592 0.04135
1565.742 0.04286
1565.902 0.04294
1566.062 0.04261
1566.222 0.04141
1566.372 0.04265
1566.532 0.04268
1566.692 0.04282
1566.852 0.04198
1567.002 0.04258
1567.162 0.04251
1567.322 0.0424
1567.482 0.04196
1567.632 0.04192
1567.792 0.0422
1567.942 0.04391
1568.102 0.04451
1568.262 0.04419
1568.422 0.04243
1568.572 0.04399
1568.732 0.0439
1568.892 0.04373
1569.052 0.04275
1569.202 0.04382
1569.362 0.04366
1569.522 0.0436
1569.682 0.04286
1569.832 0.04334
1569.992 0.04365
1570.152 0.0434
1570.312 0.04336
1570.462 0.04331
1570.622 0.0413
1570.772 0.04309
1570.932 0.04339
1571.092 0.04308
1571.252 0.04179
1571.402 0.04357
1571.562 0.04354
1571.722 0.04352
1571.882 0.04244
1572.032 0.04349
