%t1 c1
1000.009 0.07732
1000.169 0.07813
1000.319 0.07727
1000.479 0.07849
1000.639 0.07801
1000.799 0.07844
1000.949 0.0772
1001.109 0.07809
1001.269 0.07814
1001.429 0.07808
1001.579 0.07691
1001.739 0.07821
1001.899 0.07867
1002.059 0.07829
1002.209 0.07725
1002.369 0.07808
1002.519 0.07711
1002.679 0.07828
1002.839 0.07792
1002.999 0.07832
1003.149 0.07732
1003.309 0.07814
1003.469 0.07807
1003.629 0.07821
1003.779 0.0771
1003.939 0.07805
1004.099 0.07874
1004.259 0.07832
1004.409 0.07737
1004.569 0.07783
1004.719 0.07665
1004.879 0.0779
1005.039 0.0775
1005.199 0.07791
1005.349 0.0771
1005.509 0.07812
1005.669 0.07813
1005.829 0.07825
1005.979 0.07728
1006.139 0.07849
1006.299 0.0791
1006.459 0.07874
1006.609 0.07778
1006.769 0.07858
1006.919 0.07761
1007.079 0.07867
1007.239 0.07814
1007.399 0.07856
1007.549 0.07765
1007.709 0.07864
1007.869 0.07874
1008.029 0.07875
1008.179 0.07759
1008.339 0.07876
1008.499 0.07927
1008.659 0.07882
1008.809 0.07782
1008.969 0.07869
1009.119 0.07767
1009.279 0.07882
1009.439 0.07839
1009.599 0.07877
1009.749 0.07763
1009.909 0.07842
1010.069 0.07851
1010.229 0.0784
1010.379 0.07712
1010.539 0.0781
1010.699 0.07855
1010.859 0.07809
1011.009 0.07726
1011.169 0.07816
1011.319 0.07726
1011.479 0.07842
1011.639 0.07796
1011.799 0.07836
1011.949 0.07726
1012.109 0.07834
1012.269 0.07859
1012.429 0.07857
1012.579 0.07738
1012.739 0.0785
1012.899 0.07899
1013.059 0.0788
1013.209 0.07798
1013.369 0.07883
1013.519 0.07791
1013.679 0.07893
1013.839 0.07848
1013.999 0.07886
1014.149 0.07776
1014.309 0.07891
1014.469 0.07902
1014.629 0.07902
1014.779 0.07793
1014.939 0.07911
1015.099 0.07954
1015.259 0.07913
1015.409 0.07829
1015.569 0.07906
1015.719 0.07814
1015.879 0.07929
1016.039 0.07872
1016.199 0.0791
1016.349 0.07802
1016.509 0.07902
1016.669 0.07924
1016.829 0.07929
1016.979 0.07814
1017.139 0.0793
1017.299 0.07986
1017.459 0.07945
1017.609 0.07859
1017.769 0.07943
1017.919 0.07847
1018.079 0.07961
1018.239 0.07919
1018.399 0.07959
1018.549 0.07845
1018.709 0.07949
1018.869 0.07969
1019.029 0.07964
1019.179 0.07857
1019.339 0.07972
1019.499 0.08026
1019.659 0.07989
1019.809 0.07907
1019.969 0.07984
1020.119 0.07901
1020.279 0.08011
1020.439 0.07974
1020.599 0.08018
1020.749 0.07892
1020.909 0.07989
1021.069 0.08027
1021.229 0.08031
1021.379 0.07923
1021.539 0.08041
1021.699 0.08101
1021.859 0.08063
1022.009 0.07998
1022.169 0.08076
1022.319 0.07982
1022.479 0.08088
1022.639 0.08067
1022.799 0.08098
1022.949 0.07987
1023.109 0.08094
1023.269 0.08144
1023.429 0.08146
1023.579 0.08059
1023.739 0.0817
1023.889 0.08086
1024.049 0.08044
1024.209 0.0799
1024.369 0.08057
1024.519 0.07954
1024.679 0.08054
1024.839 0.08035
1024.999 0.0808
1025.149 0.07973
1025.309 0.08084
1025.469 0.08147
1025.629 0.08151
1025.779 0.08068
1025.939 0.08184
1026.089 0.08066
1026.249 0.08018
1026.409 0.07964
1026.569 0.08035
1026.719 0.07939
1026.879 0.08041
1027.039 0.0804
1027.199 0.08087
1027.349 0.07984
1027.509 0.08089
1027.669 0.08153
1027.829 0.08143
1027.979 0.08062
1028.139 0.08156
1028.289 0.08057
1028.449 0.08014
1028.609 0.07977
1028.769 0.0804
1028.919 0.07938
1029.079 0.08038
1029.239 0.08047
1029.399 0.08099
1029.549 0.08009
1029.709 0.08103
1029.869 0.08173
1030.029 0.08156
1030.179 0.08077
1030.339 0.08178
1030.489 0.08073
1030.649 0.08032
1030.809 0.08008
1030.969 0.08082
1031.119 0.07973
1031.279 0.08074
1031.439 0.08086
1031.599 0.08118
1031.749 0.08022
1031.909 0.08137
1032.069 0.08198
1032.229 0.08191
1032.379 0.08127
1032.539 0.08232
1032.689 0.08121
1032.849 0.08062
1033.009 0.08032
1033.169 0.08098
1033.319 0.08002
1033.479 0.08091
1033.639 0.08099
1033.799 0.08128
1033.949 0.08025
1034.109 0.08141
1034.269 0.08219
1034.429 0.082
1034.579 0.08119
1034.739 0.08223
1034.889 0.08113
1035.049 0.08057
1035.209 0.08022
1035.369 0.08076
1035.519 0.07985
1035.679 0.08085
1035.839 0.08092
1035.999 0.08106
1036.149 0.08011
1036.309 0.08136
1036.469 0.082
1036.629 0.08172
1036.779 0.08085
1036.939 0.08178
1037.089 0.08065
1037.249 0.0817
1037.409 0.08137
1037.569 0.08187
1037.719 0.08092
1037.879 0.08195
1038.039 0.08201
1038.199 0.08206
1038.349 0.08093
1038.509 0.08201
1038.669 0.08258
1038.829 0.08206
1038.979 0.08106
1039.139 0.08183
1039.289 0.08075
1039.449 0.08201
1039.609 0.08167
1039.769 0.08197
1039.919 0.08104
1040.079 0.08203
1040.239 0.08205
1040.399 0.08198
1040.549 0.08074
1040.709 0.08171
1040.869 0.08226
1041.029 0.08174
1041.179 0.08088
1041.339 0.08162
1041.489 0.08075
1041.649 0.08181
1041.809 0.08127
1041.969 0.08144
1042.119 0.08037
1042.279 0.08148
1042.439 0.08139
1042.599 0.08114
1042.749 0.07988
1042.909 0.08087
1043.069 0.08146
1043.229 0.08083
1043.379 0.07997
1043.539 0.0806
1043.689 0.07956
1043.849 0.08076
1044.009 0.08033
1044.169 0.08044
1044.319 0.07933
1044.479 0.0804
1044.639 0.08036
1044.799 0.08014
1044.949 0.07909
1045.109 0.08002
1045.269 0.08052
1045.429 0.07996
1045.579 0.07897
1045.739 0.07957
1045.889 0.07848
1046.049 0.07976
1046.209 0.07941
1046.369 0.0795
1046.519 0.0785
1046.679 0.07954
1046.839 0.07963
1046.999 0.07947
1047.149 0.0784
1047.309 0.07934
1047.469 0.07995
1047.629 0.0793
1047.779 0.07842
1047.939 0.07905
1048.089 0.07798
1048.249 0.0791
1048.409 0.07875
1048.569 0.07898
1048.719 0.07787
1048.879 0.07885
1049.039 0.07901
1049.199 0.0789
1049.349 0.07788
1049.509 0.07883
1049.669 0.07926
1049.829 0.07872
1049.979 0.07783
1050.139 0.07846
1050.289 0.07753
1050.449 0.07881
1050.609 0.07853
1050.769 0.07887
1050.919 0.07769
1051.079 0.07863
1051.239 0.07878
1051.399 0.0787
1051.549 0.07777
1051.709 0.07883
1051.869 0.07945
1052.029 0.07905
1052.179 0.07826
1052.339 0.07916
1052.489 0.07816
1052.649 0.07925
1052.809 0.07901
1052.969 0.07947
1053.119 0.07834
1053.279 0.07926
1053.439 0.07945
1053.599 0.0795
1053.749 0.07851
1053.909 0.07978
1054.069 0.08043
1054.229 0.07998
1054.379 0.07919
1054.539 0.08005
1054.689 0.07904
1054.849 0.08023
1055.009 0.07991
1055.169 0.08046
1055.319 0.07939
1055.479 0.08067
1055.639 0.08089
1055.799 0.08087
1055.949 0.07996
1056.109 0.08129
1056.269 0.08171
1056.429 0.08125
1056.579 0.08058
1056.739 0.08138
1056.889 0.08028
1057.049 0.08163
1057.209 0.08129
1057.369 0.08166
1057.519 0.08056
1057.679 0.08156
1057.839 0.08179
1057.999 0.08179
1058.149 0.08084
1058.309 0.08196
1058.469 0.08258
1058.629 0.08215
1058.779 0.08128
1058.939 0.0821
1059.089 0.08111
1059.249 0.08235
1059.409 0.08189
1059.569 0.08234
1059.719 0.08132
1059.879 0.08233
1060.039 0.08233
1060.199 0.08229
1060.349 0.08126
1060.509 0.08237
1060.669 0.08292
1060.829 0.08249
1060.979 0.08157
1061.139 0.08231
1061.289 0.08138
1061.449 0.08262
1061.609 0.08222
1061.769 0.08251
1061.919 0.08138
1062.079 0.08252
1062.239 0.08247
1062.399 0.0823
1062.549 0.08118
1062.709 0.08228
1062.869 0.08278
1063.029 0.08239
1063.179 0.0814
1063.339 0.08212
1063.499 0.08289
1063.659 0.08393
1063.809 0.08343
1063.969 0.08364
1064.119 0.08244
1064.279 0.0836
1064.439 0.08344
1064.599 0.08331
1064.749 0.08225
1064.909 0.08321
1065.069 0.08356
1065.229 0.0831
1065.379 0.08206
1065.539 0.08274
1065.699 0.08321
1065.859 0.08434
1066.009 0.08378
1066.169 0.08392
1066.319 0.08276
1066.479 0.08399
1066.639 0.08381
1066.799 0.0837
1066.949 0.08265
1067.109 0.0837
1067.269 0.08385
1067.429 0.08328
1067.579 0.08223
1067.739 0.08282
1067.899 0.08342
1068.059 0.08454
1068.209 0.08383
1068.369 0.084
1068.519 0.0828
1068.679 0.08399
1068.839 0.08355
1068.999 0.0833
1069.149 0.08232
1069.309 0.08343
1069.469 0.08351
1069.629 0.08298
1069.779 0.08197
1069.939 0.0824
1070.099 0.08307
1070.259 0.08427
1070.409 0.08356
1070.569 0.08358
1070.719 0.08245
1070.879 0.08356
1071.039 0.08322
1071.199 0.08298
1071.349 0.08181
1071.509 0.08289
1071.669 0.08311
1071.829 0.08263
1071.979 0.08142
1072.139 0.0822
1072.289 0.08121
1072.449 0.08236
1072.609 0.08165
1072.769 0.08201
1072.919 0.0809
1073.079 0.08202
1073.239 0.08164
1073.399 0.08173
1073.549 0.08058
1073.709 0.08176
1073.869 0.08191
1074.029 0.08139
1074.179 0.08005
1074.339 0.0809
1074.499 0.08142
1074.659 0.08262
1074.809 0.08183
1074.969 0.0822
1075.119 0.08122
1075.279 0.08235
1075.439 0.08198
1075.599 0.08204
1075.749 0.08089
1075.909 0.08208
1076.069 0.08228
1076.229 0.08192
1076.379 0.08062
1076.539 0.08155
1076.699 0.08209
1076.859 0.08157
1077.009 0.08093
1077.169 0.08136
1077.319 0.08041
1077.479 0.08154
1077.639 0.08113
1077.799 0.08135
1077.949 0.08017
1078.109 0.08129
1078.269 0.08159
1078.429 0.08129
1078.579 0.08003
1078.739 0.08093
1078.899 0.08156
1079.059 0.0813
1079.209 0.08074
1079.369 0.08128
1079.519 0.08035
1079.679 0.08141
1079.839 0.08103
1079.999 0.08141
1080.149 0.08017
1080.309 0.08118
1080.469 0.08146
1080.629 0.08119
1080.779 0.08015
1080.939 0.08113
1081.099 0.0818
1081.259 0.08135
1081.409 0.08076
1081.569 0.08146
1081.719 0.08031
1081.879 0.08149
1082.039 0.08126
1082.199 0.08156
1082.349 0.08051
1082.509 0.08156
1082.669 0.08178
1082.829 0.0816
1082.979 0.08053
1083.139 0.08147
1083.299 0.08232
1083.459 0.0819
1083.609 0.0814
1083.769 0.08195
1083.919 0.0811
1084.079 0.08223
1084.239 0.08202
1084.399 0.08245
1084.549 0.08133
1084.709 0.08249
1084.869 0.08283
1085.029 0.08259
1085.179 0.08141
1085.339 0.08252
1085.489 0.0815
1085.649 0.08268
1085.809 0.08218
1085.969 0.08263
1086.119 0.08159
1086.279 0.0827
1086.439 0.08259
1086.599 0.08313
1086.749 0.08198
1086.909 0.08313
1087.069 0.08347
1087.229 0.08318
1087.379 0.08232
1087.539 0.08346
1087.689 0.08234
1087.849 0.08195
1088.009 0.08135
1088.169 0.08192
1088.319 0.08085
1088.479 0.08183
1088.639 0.08189
1088.799 0.08229
1088.949 0.08123
1089.109 0.08229
1089.269 0.08272
1089.429 0.08246
1089.579 0.08153
1089.739 0.08259
1089.889 0.08155
1090.049 0.08112
1090.209 0.0807
1090.369 0.08138
1090.519 0.08019
1090.679 0.08131
1090.839 0.08146
1090.999 0.08172
1091.149 0.08075
1091.309 0.08184
1091.469 0.08235
1091.629 0.08206
1091.779 0.0812
1091.939 0.08233
1092.089 0.08122
1092.249 0.08066
1092.409 0.08017
1092.569 0.08063
1092.719 0.07951
1092.879 0.08054
1093.039 0.0807
1093.199 0.08112
1093.349 0.07997
1093.509 0.08107
1093.669 0.08167
1093.829 0.08141
1093.979 0.08075
1094.139 0.08181
1094.289 0.08069
1094.449 0.08014
1094.609 0.07985
1094.769 0.08032
1094.919 0.07907
1095.079 0.08028
1095.239 0.08054
1095.399 0.08082
1095.549 0.0799
1095.709 0.08091
1095.859 0.07978
1096.019 0.07958
1096.179 0.07908
1096.339 0.08011
1096.489 0.07904
1096.649 0.07839
1096.809 0.07822
1096.969 0.07874
1097.119 0.07758
1097.279 0.07866
1097.439 0.07905
1097.599 0.07945
1097.749 0.07865
1097.909 0.07978
1098.059 0.07865
1098.219 0.07838
1098.379 0.07806
1098.539 0.07905
1098.689 0.07787
1098.849 0.07879
1099.009 0.07877
1099.169 0.0792
1099.319 0.07853
1099.479 0.07944
1099.639 0.07999
1099.799 0.0801
1099.949 0.07926
1100.109 0.08021
1100.259 0.07901
1100.419 0.07863
1100.579 0.07866
1100.739 0.0796
1100.889 0.07852
1101.049 0.07969
1101.209 0.0798
1101.369 0.08027
1101.519 0.07956
1101.679 0.08067
1101.829 0.07954
1101.989 0.07945
1102.149 0.07879
1102.309 0.07966
1102.459 0.07873
1102.619 0.0783
1102.779 0.0784
1102.939 0.07926
1103.089 0.07818
1103.249 0.07918
1103.409 0.0795
1103.569 0.07989
1103.719 0.07909
1103.879 0.08028
1104.029 0.0792
1104.189 0.07918
1104.349 0.07889
1104.509 0.07979
1104.659 0.07867
1104.819 0.07824
1104.979 0.07847
1105.139 0.07913
1105.289 0.07803
1105.449 0.07899
1105.609 0.07948
1105.769 0.07971
1105.919 0.07919
1106.079 0.08031
1106.229 0.07926
1106.389 0.07906
1106.549 0.07874
1106.709 0.07965
1106.859 0.07864
1107.019 0.07804
1107.179 0.07814
1107.339 0.07873
1107.489 0.07758
1107.649 0.07864
1107.809 0.07931
1107.969 0.07962
1108.119 0.07922
1108.279 0.08047
1108.429 0.07933
1108.589 0.07888
1108.749 0.07855
1108.909 0.07956
1109.059 0.07854
1109.219 0.07972
1109.379 0.07997
1109.539 0.08049
1109.689 0.07949
1109.849 0.0806
1109.999 0.07947
1110.159 0.07951
1110.319 0.07906
1110.479 0.08014
1110.629 0.07915
1110.789 0.07868
1110.949 0.07838
1111.109 0.07926
1111.259 0.07822
1111.419 0.07933
1111.579 0.07959
1111.739 0.07984
1111.889 0.079
1112.049 0.08003
1112.199 0.07897
1112.359 0.07885
1112.519 0.07846
1112.679 0.07919
1112.829 0.07808
1112.989 0.07728
1113.149 0.0772
1113.309 0.07785
1113.459 0.07694
1113.619 0.07806
1113.779 0.07853
1113.939 0.07858
1114.089 0.07768
1114.249 0.07875
1114.399 0.07762
1114.559 0.0774
1114.719 0.07719
1114.879 0.07799
1115.029 0.07683
1115.189 0.07791
1115.349 0.07809
1115.509 0.07874
1115.659 0.07795
1115.819 0.07891
1115.979 0.07951
1116.139 0.0795
1116.289 0.07877
1116.449 0.07992
1116.599 0.07887
1116.759 0.07851
1116.919 0.07835
1117.079 0.07901
1117.229 0.07789
1117.389 0.07887
1117.549 0.079
1117.709 0.07943
1117.859 0.07859
1118.019 0.07972
1118.179 0.0804
1118.339 0.08018
1118.489 0.07983
1118.649 0.0809
1118.799 0.07989
1118.959 0.07941
1119.119 0.07948
1119.279 0.08001
1119.429 0.07885
1119.589 0.07986
1119.749 0.08028
1119.909 0.08056
1120.059 0.07989
1120.219 0.08091
1120.369 0.07973
1120.529 0.0797
1120.689 0.07934
1120.849 0.08035
1120.999 0.07925
1121.159 0.07855
1121.319 0.07848
1121.479 0.07897
1121.629 0.07782
1121.789 0.07902
1121.949 0.07959
1122.109 0.07989
1122.259 0.07913
1122.419 0.08017
1122.569 0.07907
1122.729 0.07878
1122.889 0.07836
1123.049 0.07943
1123.199 0.07831
1123.359 0.07949
1123.519 0.07952
1123.679 0.07987
1123.829 0.07897
1123.989 0.07991
1124.149 0.08043
1124.309 0.0806
1124.459 0.07988
1124.619 0.08078
1124.769 0.07981
1124.929 0.07954
1125.089 0.07938
1125.249 0.08043
1125.399 0.07942
1125.559 0.08058
1125.719 0.08064
1125.879 0.08101
1126.029 0.08006
1126.189 0.08152
1126.349 0.08222
1126.509 0.08227
1126.659 0.08161
1126.819 0.08248
1126.969 0.08142
1127.129 0.08107
1127.289 0.08095
1127.449 0.08169
1127.599 0.08065
1127.759 0.08168
1127.919 0.08182
1128.079 0.082
1128.229 0.08106
1128.389 0.08214
1128.539 0.08106
1128.699 0.08101
1128.859 0.08039
1129.019 0.08111
1129.169 0.08018
1129.329 0.07977
1129.489 0.07965
1129.649 0.08025
1129.799 0.07906
1129.959 0.08004
1130.119 0.08028
1130.279 0.0804
1130.429 0.07985
1130.589 0.08097
1130.739 0.07977
1130.899 0.07959
1131.059 0.07911
1131.219 0.08
1131.369 0.07889
1131.529 0.07838
1131.689 0.0785
1131.849 0.07899
1131.999 0.07788
1132.159 0.07898
1132.319 0.07935
1132.479 0.07929
1132.629 0.07871
1132.789 0.07986
1132.939 0.07881
1133.099 0.0785
1133.259 0.07799
1133.419 0.07868
1133.569 0.07761
1133.729 0.07892
1133.889 0.07898
1134.049 0.07937
1134.199 0.0784
1134.359 0.07938
1134.519 0.07985
1134.679 0.07985
1134.829 0.07928
1134.989 0.08034
1135.139 0.0792
1135.299 0.07885
1135.459 0.07847
1135.619 0.07915
1135.769 0.07819
1135.929 0.07935
1136.089 0.07955
1136.249 0.07989
1136.399 0.07885
1136.559 0.07995
1136.719 0.0804
1136.879 0.08038
1137.029 0.07999
1137.189 0.08094
1137.339 0.07977
1137.499 0.07935
1137.659 0.07898
1137.819 0.07955
1137.969 0.07862
1138.129 0.07968
1138.289 0.07991
1138.449 0.08014
1138.599 0.07902
1138.759 0.08018
1138.919 0.08072
1139.079 0.08083
1139.229 0.08045
1139.389 0.08153
1139.539 0.08013
1139.699 0.07962
1139.859 0.07942
1140.019 0.08008
1140.169 0.0793
1140.329 0.0804
1140.489 0.08067
1140.649 0.08082
1140.799 0.08002
1140.959 0.08103
1141.109 0.07998
1141.269 0.07999
1141.429 0.07961
1141.589 0.08046
1141.739 0.0795
1141.899 0.08068
1142.059 0.08046
1142.219 0.08107
1142.369 0.08027
1142.529 0.08127
1142.689 0.08154
1142.849 0.08157
1142.999 0.08081
1143.159 0.08193
1143.309 0.08089
1143.469 0.08069
1143.629 0.08025
1143.789 0.08088
1143.939 0.07973
1144.099 0.08102
1144.259 0.08103
1144.419 0.08151
1144.569 0.08056
1144.729 0.08159
1144.889 0.08188
1145.049 0.08167
1145.199 0.08088
1145.359 0.08195
1145.509 0.08081
1145.669 0.08047
1145.829 0.08035
1145.989 0.08106
1146.139 0.07994
1146.299 0.08092
1146.459 0.08098
1146.619 0.08153
1146.769 0.08072
1146.929 0.08179
1147.089 0.08228
1147.249 0.08207
1147.399 0.08142
1147.559 0.08248
1147.709 0.08143
1147.869 0.08107
1148.029 0.081
1148.189 0.08147
1148.339 0.08047
1148.499 0.08148
1148.659 0.0816
1148.819 0.08203
1148.969 0.08126
1149.129 0.08232
1149.289 0.08291
1149.449 0.08266
1149.599 0.08223
1149.759 0.08311
1149.909 0.08199
1150.069 0.08137
1150.229 0.08138
1150.389 0.08176
1150.539 0.08065
1150.699 0.08193
1150.859 0.08218
1151.019 0.08249
1151.169 0.08181
1151.329 0.08286
1151.479 0.08162
1151.639 0.08129
1151.799 0.08088
1151.959 0.08169
1152.109 0.08052
1152.269 0.07987
1152.429 0.07977
1152.589 0.08018
1152.739 0.07914
1152.899 0.0803
1153.059 0.08062
1153.219 0.08085
1153.369 0.08031
1153.529 0.08117
1153.679 0.08002
1153.839 0.07961
1153.999 0.07939
1154.159 0.08022
1154.309 0.07917
1154.469 0.08023
1154.629 0.08017
1154.789 0.08039
1154.939 0.07954
1155.099 0.08042
1155.259 0.08093
1155.419 0.08105
1155.569 0.0805
1155.729 0.08139
1155.879 0.08021
1156.039 0.07974
1156.199 0.07968
1156.359 0.08043
1156.509 0.07949
1156.669 0.08054
1156.829 0.08075
1156.989 0.08103
1157.139 0.08021
1157.299 0.0812
1157.449 0.07996
1157.609 0.07996
1157.769 0.07948
1157.929 0.08023
1158.079 0.07924
1158.239 0.07867
1158.399 0.07888
1158.559 0.07956
1158.709 0.07861
1158.869 0.07955
1159.029 0.07989
1159.189 0.08007
1159.339 0.07933
1159.499 0.08046
1159.649 0.07941
1159.809 0.07928
1159.969 0.07883
1160.129 0.0795
1160.279 0.07843
1160.439 0.07779
1160.599 0.07797
1160.759 0.07855
1160.909 0.07753
1161.069 0.07864
1161.229 0.0789
1161.389 0.07881
1161.539 0.07833
1161.699 0.07936
1161.849 0.07829
1162.009 0.07803
1162.169 0.0777
1162.329 0.07831
1162.479 0.07735
1162.639 0.07665
1162.799 0.07685
1162.959 0.07721
1163.109 0.07638
1163.269 0.07738
1163.419 0.07635
1163.579 0.0764
1163.739 0.0761
1163.899 0.07713
1164.049 0.07591
1164.209 0.07557
1164.369 0.07552
1164.529 0.07612
1164.679 0.07532
1164.839 0.07643
1164.999 0.07695
1165.159 0.07733
1165.309 0.07666
1165.469 0.07768
1165.619 0.07664
1165.779 0.07655
1165.939 0.07632
1166.099 0.07718
1166.249 0.07602
1166.409 0.07563
1166.569 0.07559
1166.729 0.07627
1166.879 0.07544
1167.039 0.07664
1167.199 0.07726
1167.359 0.07742
1167.509 0.07692
1167.669 0.07801
1167.819 0.07698
1167.979 0.07699
1168.139 0.07705
1168.299 0.0778
1168.449 0.07672
1168.609 0.07599
1168.769 0.07625
1168.929 0.07665
1169.079 0.07615
1169.239 0.07719
1169.389 0.076
1169.549 0.07619
1169.709 0.07582
1169.869 0.07667
1170.019 0.07561
1170.179 0.07545
1170.339 0.07557
1170.499 0.07623
1170.649 0.07532
1170.809 0.07626
1170.969 0.07656
1171.129 0.0771
1171.279 0.0767
1171.439 0.0778
1171.589 0.07677
1171.749 0.07664
1171.909 0.07643
1172.069 0.07731
1172.219 0.07652
1172.379 0.07609
1172.539 0.07624
1172.699 0.07672
1172.849 0.0757
1173.009 0.0767
1173.169 0.0772
1173.329 0.07755
1173.479 0.07731
1173.639 0.07824
1173.789 0.07719
1173.949 0.07701
1174.109 0.07691
1174.269 0.07776
1174.419 0.07681
1174.579 0.07626
1174.739 0.07661
1174.899 0.07711
1175.049 0.07629
1175.209 0.07734
1175.359 0.07633
1175.519 0.0767
1175.679 0.07658
1175.839 0.07735
1175.989 0.07623
1176.149 0.07599
1176.309 0.07612
1176.469 0.07689
1176.619 0.07602
1176.779 0.07701
1176.939 0.07724
1177.099 0.07757
1177.249 0.07689
1177.409 0.07795
1177.559 0.07682
1177.719 0.07679
1177.879 0.07664
1178.039 0.07735
1178.189 0.07624
1178.349 0.0756
1178.509 0.07572
1178.669 0.07655
1178.819 0.07575
1178.979 0.07687
1179.139 0.07728
1179.299 0.07741
1179.449 0.07696
1179.609 0.07789
1179.759 0.07681
1179.919 0.07666
1180.079 0.07649
1180.239 0.07725
1180.389 0.07609
1180.549 0.07553
1180.709 0.07589
1180.869 0.07655
1181.019 0.07585
1181.179 0.07682
1181.329 0.07567
1181.489 0.07581
1181.649 0.07557
1181.809 0.07673
1181.959 0.0757
1182.119 0.07523
1182.279 0.07543
1182.439 0.07615
1182.589 0.07532
1182.749 0.07652
1182.909 0.07689
1183.069 0.07745
1183.219 0.07686
1183.379 0.07801
1183.529 0.07671
1183.689 0.0767
1183.849 0.07663
1184.009 0.07771
1184.159 0.0768
1184.319 0.07634
1184.479 0.07646
1184.639 0.07697
1184.789 0.07608
1184.949 0.07708
1185.109 0.07774
1185.269 0.07816
1185.419 0.07771
1185.579 0.07873
1185.729 0.07762
1185.889 0.0775
1186.049 0.07773
1186.209 0.07875
1186.359 0.07772
1186.519 0.07702
1186.679 0.07738
1186.839 0.07777
1186.989 0.07721
1187.149 0.0783
1187.299 0.07725
1187.459 0.07746
1187.619 0.07726
1187.779 0.07822
1187.929 0.07726
1188.089 0.07709
1188.249 0.07737
1188.409 0.07822
1188.559 0.07716
1188.719 0.07806
1188.879 0.07837
1189.039 0.07877
1189.189 0.07827
1189.349 0.07956
1189.499 0.07852
1189.659 0.07862
1189.819 0.07856
1189.979 0.07957
1190.129 0.07854
1190.289 0.07812
1190.449 0.07861
1190.609 0.0794
1190.759 0.07862
1190.919 0.07959
1191.069 0.07849
1191.229 0.0788
1191.389 0.07868
1191.549 0.07966
1191.699 0.07869
1191.859 0.07842
1192.019 0.07847
1192.179 0.07947
1192.329 0.07848
1192.489 0.07809
1192.649 0.07881
1192.809 0.07961
1192.959 0.07912
1193.119 0.08018
1193.269 0.0791
1193.429 0.07916
1193.589 0.07927
1193.749 0.08036
1193.899 0.07907
1194.059 0.07864
1194.219 0.07886
1194.379 0.07965
1194.529 0.079
1194.689 0.08004
1194.839 0.07897
1194.999 0.07941
1195.159 0.07907
1195.319 0.08008
1195.469 0.0791
1195.629 0.07897
1195.789 0.07921
1195.949 0.08023
1196.099 0.07914
1196.259 0.07859
1196.419 0.07911
1196.579 0.07992
1196.729 0.07949
1196.889 0.08069
1197.039 0.07961
1197.199 0.07976
1197.359 0.0796
1197.519 0.08068
1197.669 0.07971
1197.829 0.07944
1197.989 0.08002
1198.149 0.081
1198.299 0.08017
1198.459 0.07949
1198.609 0.07819
1198.769 0.07884
1198.929 0.07867
1199.089 0.07974
1199.239 0.07857
1199.399 0.07841
1199.559 0.07861
1199.719 0.07983
1199.869 0.07906
1200.029 0.07866
1200.179 0.07772
1200.339 0.07852
1200.499 0.07801
1200.659 0.07899
1200.809 0.07781
1200.969 0.0781
1201.129 0.07831
1201.289 0.07948
1201.439 0.07838
1201.599 0.07818
1201.759 0.07865
1201.919 0.07981
1202.069 0.07946
1202.229 0.07885
1202.379 0.07765
1202.539 0.07838
1202.699 0.07796
1202.859 0.07895
1203.009 0.07773
1203.169 0.07787
1203.329 0.07827
1203.489 0.0794
1203.639 0.07861
1203.799 0.07791
1203.949 0.07676
1204.109 0.07764
1204.269 0.07744
1204.429 0.0785
1204.579 0.07732
1204.739 0.07743
1204.899 0.07746
1205.059 0.07853
1205.209 0.07772
1205.369 0.07748
1205.529 0.07813
1205.689 0.0792
1205.839 0.07847
1205.999 0.07764
1206.149 0.07649
1206.309 0.07715
1206.469 0.07709
1206.629 0.07829
1206.779 0.07722
1206.939 0.0771
1207.099 0.07743
1207.259 0.07877
1207.409 0.0782
1207.569 0.07784
1207.719 0.07674
1207.879 0.07739
1208.039 0.07695
1208.199 0.07798
1208.349 0.07688
1208.509 0.0772
1208.669 0.07764
1208.829 0.0788
1208.979 0.07784
1209.139 0.07749
1209.289 0.07625
1209.449 0.07744
1209.609 0.07707
1209.769 0.07637
1209.919 0.07539
1210.079 0.07586
1210.239 0.07576
1210.399 0.07683
1210.549 0.07584
1210.709 0.07597
1210.869 0.07651
1211.029 0.07757
1211.179 0.07683
1211.339 0.07622
1211.489 0.07507
1211.649 0.07602
1211.809 0.07589
1211.969 0.07706
1212.119 0.07588
1212.279 0.0761
1212.439 0.07638
1212.599 0.0775
1212.749 0.07684
1212.909 0.0766
1213.059 0.07542
1213.219 0.07647
1213.379 0.07602
1213.539 0.07699
1213.689 0.07584
1213.849 0.07643
1214.009 0.07671
1214.169 0.07781
1214.319 0.07686
1214.479 0.07664
1214.639 0.07714
1214.799 0.07819
1214.949 0.07764
1215.109 0.07709
1215.259 0.07605
1215.419 0.07662
1215.579 0.07657
1215.739 0.07768
1215.889 0.07658
1216.049 0.07693
1216.209 0.07809
1216.369 0.07917
1216.519 0.07841
1216.679 0.078
1216.829 0.07689
1216.989 0.07788
1217.149 0.07791
1217.309 0.079
1217.459 0.07782
1217.619 0.07817
1217.779 0.07843
1217.939 0.07953
1218.089 0.07887
1218.249 0.07895
1218.399 0.07786
1218.559 0.07893
1218.719 0.07852
1218.879 0.07776
1219.029 0.07657
1219.189 0.07742
1219.349 0.07772
1219.509 0.07868
1219.659 0.0776
1219.819 0.07759
1219.979 0.07804
1220.139 0.07918
1220.289 0.0787
1220.449 0.07846
1220.599 0.07723
1220.759 0.07797
1220.919 0.0778
1221.079 0.07886
1221.229 0.07791
1221.389 0.07844
1221.549 0.0789
1221.709 0.07991
1221.859 0.07908
1222.019 0.07875
1222.169 0.07757
1222.329 0.07872
1222.489 0.07854
1222.649 0.0796
1222.799 0.07843
1222.959 0.0789
1223.119 0.07909
1223.279 0.07999
1223.429 0.07911
1223.589 0.07909
1223.749 0.07971
1223.909 0.08076
1224.059 0.08019
1224.219 0.07964
1224.369 0.07845
1224.529 0.07929
1224.689 0.07946
1224.849 0.08056
1224.999 0.07945
1225.159 0.07971
1225.319 0.08008
1225.479 0.08121
1225.629 0.08062
1225.789 0.08032
1225.939 0.07925
1226.099 0.08014
1226.259 0.07989
1226.419 0.08092
1226.569 0.07961
1226.729 0.08015
1226.889 0.08041
1227.049 0.08147
1227.199 0.08067
1227.359 0.08021
1227.509 0.07912
1227.669 0.08009
1227.829 0.07993
1227.989 0.07925
1228.139 0.07808
1228.299 0.07856
1228.459 0.07882
1228.619 0.07986
1228.769 0.07907
1228.929 0.07913
1229.079 0.07798
1229.239 0.07921
1229.399 0.07872
1229.559 0.07768
1229.709 0.07665
1229.869 0.0775
1230.029 0.07758
1230.189 0.07868
1230.339 0.07766
1230.499 0.07777
1230.659 0.07826
1230.819 0.07938
1230.969 0.07889
1231.129 0.07854
1231.279 0.0774
1231.439 0.07814
1231.599 0.07826
1231.759 0.07945
1231.909 0.07842
1232.069 0.07893
1232.229 0.07952
1232.389 0.08055
1232.539 0.07987
1232.699 0.07978
1232.849 0.07862
1233.009 0.07972
1233.169 0.0797
1233.329 0.07914
1233.479 0.07793
1233.639 0.07859
1233.799 0.07896
1233.959 0.08006
1234.109 0.07927
1234.269 0.07929
1234.419 0.07817
1234.579 0.07946
1234.739 0.07901
1234.899 0.07853
1235.049 0.07749
1235.209 0.07835
1235.369 0.0785
1235.529 0.07966
1235.679 0.07856
1235.839 0.07879
1235.999 0.07948
1236.159 0.08055
1236.309 0.07993
1236.469 0.07979
1236.619 0.07867
1236.779 0.07961
1236.939 0.07963
1237.099 0.07904
1237.249 0.07796
1237.409 0.07863
1237.569 0.07891
1237.729 0.07995
1237.879 0.07907
1238.039 0.07903
1238.189 0.07786
1238.349 0.07898
1238.509 0.07845
1238.669 0.07797
1238.819 0.07681
1238.979 0.0775
1239.139 0.07773
1239.299 0.07886
1239.449 0.07772
1239.609 0.07792
1239.769 0.07839
1239.929 0.07946
1240.079 0.07875
1240.239 0.07857
1240.389 0.07756
1240.549 0.07833
1240.709 0.07823
1240.869 0.07932
1241.019 0.07823
1241.179 0.0786
1241.339 0.07909
1241.499 0.08022
1241.649 0.07934
1241.809 0.07908
1241.969 0.0796
1242.129 0.08033
1242.279 0.07995
1242.439 0.0811
1242.589 0.07992
1242.749 0.08041
1242.909 0.08023
1243.069 0.08123
1243.219 0.08018
1243.379 0.08016
1243.539 0.08072
1243.699 0.0816
1243.849 0.08089
1244.009 0.0804
1244.159 0.07925
1244.319 0.07991
1244.479 0.07983
1244.639 0.08104
1244.789 0.07998
1244.949 0.07999
1245.109 0.07994
1245.269 0.08079
1245.419 0.0799
1245.579 0.07942
1245.739 0.08015
1245.899 0.08079
1246.049 0.08009
1246.209 0.08118
1246.359 0.08005
1246.519 0.08033
1246.679 0.08041
1246.839 0.08156
1246.989 0.08034
1247.149 0.07993
1247.309 0.08016
1247.469 0.08087
1247.619 0.0803
1247.779 0.08147
1247.929 0.08016
1248.089 0.08065
1248.249 0.08023
1248.409 0.0813
1248.559 0.0802
1248.719 0.08017
1248.879 0.08038
1249.039 0.08131
1249.189 0.08027
1249.349 0.07969
1249.509 0.08013
1249.669 0.08086
1249.819 0.08029
1249.979 0.08145
1250.129 0.08028
1250.289 0.08046
1250.449 0.08018
1250.609 0.08123
1250.759 0.08005
1250.919 0.07983
1251.079 0.08034
1251.239 0.08115
1251.389 0.0802
1251.549 0.08142
1251.699 0.08022
1251.859 0.08075
1252.019 0.0806
1252.179 0.0817
1252.329 0.08048
1252.489 0.08048
1252.649 0.08045
1252.809 0.08143
1252.959 0.08057
1253.119 0.08021
1253.279 0.08095
1253.439 0.08165
1253.589 0.08091
1253.749 0.08193
1253.899 0.08068
1254.059 0.08116
1254.219 0.08111
1254.379 0.08214
1254.529 0.08082
1254.689 0.0805
1254.849 0.0807
1255.009 0.08158
1255.159 0.0808
1255.319 0.08027
1255.469 0.07911
1255.629 0.07967
1255.789 0.07981
1255.949 0.08076
1256.099 0.07956
1256.259 0.07976
1256.419 0.07984
1256.579 0.08075
1256.729 0.07957
1256.889 0.07907
1257.049 0.07942
1257.209 0.08028
1257.359 0.07963
1257.519 0.08079
1257.669 0.0795
1257.829 0.07982
1257.989 0.07935
1258.149 0.08042
1258.299 0.07922
1258.459 0.07919
1258.619 0.07943
1258.779 0.08036
1258.929 0.07927
1259.089 0.07872
1259.249 0.07902
1259.409 0.07963
1259.559 0.07912
1259.719 0.08016
1259.869 0.0789
1260.029 0.07895
1260.189 0.07871
1260.349 0.07974
1260.499 0.0786
1260.659 0.07836
1260.819 0.07877
1260.979 0.07951
1261.129 0.0786
1261.289 0.07953
1261.439 0.07826
1261.599 0.07882
1261.759 0.07849
1261.919 0.07959
1262.069 0.07836
1262.229 0.07821
1262.389 0.07818
1262.549 0.07921
1262.699 0.07831
1262.859 0.07787
1263.019 0.07827
1263.179 0.07878
1263.329 0.07797
1263.489 0.07892
1263.639 0.07763
1263.799 0.07793
1263.959 0.0778
1264.119 0.07881
1264.269 0.07758
1264.429 0.07724
1264.589 0.07741
1264.749 0.07824
1264.899 0.07735
1265.059 0.07841
1265.209 0.07717
1265.369 0.07761
1265.529 0.07714
1265.689 0.07833
1265.839 0.07708
1265.999 0.07719
1266.159 0.07739
1266.319 0.07814
1266.469 0.07707
1266.629 0.07642
1266.789 0.07671
1266.949 0.0774
1267.099 0.07684
1267.259 0.07792
1267.409 0.07671
1267.569 0.07687
1267.729 0.07674
1267.889 0.07784
1268.039 0.07672
1268.199 0.07656
1268.359 0.07689
1268.519 0.07749
1268.669 0.0765
1268.829 0.07753
1268.979 0.07627
1269.139 0.07619
1269.299 0.07588
1269.459 0.07693
1269.609 0.07575
1269.769 0.07565
1269.929 0.07581
1270.089 0.07682
1270.239 0.07585
1270.399 0.07537
1270.559 0.07581
1270.719 0.07631
1270.869 0.07558
1271.029 0.07658
1271.179 0.07542
1271.339 0.07596
1271.499 0.07592
1271.659 0.07701
1271.809 0.07583
1271.969 0.07576
1272.129 0.07605
1272.289 0.07704
1272.439 0.07616
1272.599 0.07565
1272.749 0.07453
1272.909 0.07503
1273.069 0.07465
1273.229 0.0759
1273.379 0.0747
1273.539 0.07496
1273.699 0.07504
1273.859 0.07607
1274.009 0.07493
1274.169 0.07456
1274.329 0.07491
1274.489 0.07573
1274.639 0.07507
1274.799 0.07617
1274.949 0.07494
1275.109 0.0754
1275.269 0.07519
1275.429 0.07629
1275.579 0.07508
1275.739 0.07514
1275.899 0.07533
1276.059 0.0762
1276.209 0.07516
1276.369 0.07466
1276.529 0.07533
1276.689 0.07617
1276.839 0.07577
1276.999 0.07696
1277.149 0.07572
1277.309 0.07599
1277.469 0.07592
1277.629 0.07706
1277.779 0.07593
1277.939 0.07568
1278.099 0.07603
1278.259 0.07677
1278.409 0.07599
1278.569 0.07712
1278.719 0.07577
1278.879 0.07634
1279.039 0.07584
1279.199 0.07676
1279.349 0.07547
1279.509 0.07537
1279.669 0.07555
1279.829 0.07658
1279.979 0.07553
1280.139 0.07515
1280.299 0.07555
1280.459 0.0761
1280.609 0.07556
1280.769 0.07653
1280.919 0.07529
1281.079 0.07555
1281.239 0.07538
1281.399 0.07633
1281.549 0.07516
1281.709 0.07488
1281.869 0.07534
1282.029 0.07634
1282.179 0.07561
1282.339 0.07673
1282.489 0.07552
1282.649 0.07605
1282.809 0.07563
1282.969 0.07657
1283.119 0.07551
1283.279 0.0754
1283.439 0.07551
1283.599 0.07641
1283.749 0.07543
1283.909 0.07498
1284.069 0.07553
1284.229 0.07624
1284.379 0.07575
1284.539 0.07674
1284.689 0.07545
1284.849 0.07557
1285.009 0.0752
1285.169 0.07633
1285.319 0.07506
1285.479 0.0748
1285.639 0.0751
1285.799 0.07594
1285.949 0.0751
1286.109 0.07633
1286.259 0.07529
1286.419 0.07595
1286.579 0.07531
1286.739 0.07613
1286.889 0.07524
1287.049 0.07539
1287.209 0.07536
1287.369 0.0765
1287.519 0.07545
1287.679 0.07496
1287.839 0.07529
1287.999 0.07583
1288.149 0.07505
1288.309 0.07602
1288.459 0.07476
1288.619 0.07511
1288.779 0.07476
1288.939 0.07573
1289.089 0.07459
1289.249 0.07441
1289.409 0.07448
1289.569 0.0755
1289.719 0.07459
1289.879 0.07395
1290.039 0.07444
1290.199 0.07484
1290.349 0.07414
1290.509 0.07515
1290.659 0.07392
1290.819 0.07425
1290.979 0.0742
1291.139 0.07508
1291.289 0.07403
1291.449 0.07366
1291.609 0.07391
1291.769 0.07474
1291.919 0.07391
1292.079 0.07498
1292.229 0.07381
1292.389 0.0743
1292.549 0.07401
1292.709 0.07509
1292.859 0.07396
1293.019 0.07402
1293.179 0.07405
1293.339 0.07492
1293.489 0.07382
1293.649 0.07335
1293.809 0.07374
1293.969 0.07438
1294.119 0.07385
1294.279 0.07491
1294.429 0.07379
1294.589 0.07419
1294.749 0.07405
1294.909 0.0751
1295.059 0.07406
1295.219 0.07381
1295.379 0.07464
1295.539 0.07534
1295.689 0.07441
1295.849 0.0756
1295.999 0.07435
1296.159 0.07504
1296.319 0.07477
1296.479 0.07577
1296.629 0.0746
1296.789 0.0747
1296.949 0.07462
1297.109 0.07563
1297.259 0.07463
1297.419 0.07417
1297.579 0.07463
1297.739 0.07523
1297.889 0.07456
1298.049 0.07569
1298.199 0.07452
1298.359 0.07499
1298.519 0.07482
1298.679 0.07588
1298.829 0.07469
1298.989 0.07441
1299.149 0.07444
1299.309 0.07536
1299.459 0.07443
1299.619 0.07557
1299.779 0.07592
1299.939 0.07627
1300.089 0.07597
1300.249 0.07678
1300.399 0.07559
1300.559 0.07577
1300.719 0.07571
1300.879 0.07662
1301.029 0.07558
1301.189 0.07525
1301.349 0.07577
1301.509 0.0767
1301.659 0.07614
1301.819 0.07731
1301.969 0.07599
1302.129 0.07652
1302.289 0.07627
1302.449 0.07739
1302.599 0.0763
1302.759 0.0763
1302.919 0.07645
1303.079 0.07725
1303.229 0.0763
1303.389 0.07575
1303.539 0.07489
1303.699 0.07581
1303.859 0.0754
1304.019 0.07644
1304.169 0.07519
1304.329 0.07534
1304.489 0.07527
1304.649 0.07639
1304.799 0.07536
1304.959 0.07525
1305.119 0.07556
1305.279 0.07633
1305.429 0.07552
1305.589 0.07652
1305.739 0.07536
1305.899 0.07599
1306.059 0.07565
1306.219 0.07669
1306.369 0.07551
1306.529 0.07551
1306.689 0.07561
1306.849 0.07675
1306.999 0.07589
1307.159 0.07558
1307.319 0.07606
1307.479 0.07657
1307.629 0.07593
1307.789 0.07692
1307.939 0.0756
1308.099 0.07606
1308.259 0.07594
1308.419 0.0769
1308.569 0.07577
1308.729 0.07489
1308.889 0.07509
1309.049 0.07604
1309.199 0.07514
1309.359 0.07619
1309.519 0.07649
1309.679 0.07682
1309.829 0.07631
1309.989 0.07752
1310.139 0.0763
1310.299 0.07655
1310.459 0.0766
1310.619 0.07751
1310.769 0.07647
1310.929 0.07608
1311.089 0.0763
1311.249 0.07698
1311.399 0.07626
1311.559 0.07734
1311.709 0.07612
1311.869 0.07649
1312.029 0.07609
1312.189 0.07723
1312.339 0.07613
1312.499 0.07608
1312.659 0.0762
1312.819 0.07704
1312.969 0.07595
1313.129 0.07547
1313.289 0.07601
1313.449 0.07667
1313.599 0.07614
1313.759 0.07726
1313.909 0.07605
1314.069 0.07628
1314.229 0.07614
1314.389 0.07732
1314.539 0.07629
1314.699 0.0761
1314.859 0.07627
1315.019 0.0769
1315.169 0.07595
1315.329 0.07715
1315.479 0.07599
1315.639 0.07669
1315.799 0.07635
1315.959 0.07742
1316.109 0.07627
1316.269 0.07631
1316.429 0.07637
1316.589 0.07743
1316.739 0.07643
1316.899 0.07748
1317.059 0.07768
1317.219 0.07823
1317.369 0.0776
1317.529 0.07882
1317.679 0.07772
1317.839 0.07824
1317.999 0.07804
1318.159 0.07914
1318.309 0.0779
1318.469 0.07777
1318.629 0.07796
1318.789 0.0787
1318.939 0.07789
1319.099 0.07896
1319.259 0.07941
1319.419 0.07979
1319.569 0.07921
1319.729 0.08034
1319.879 0.07919
1320.039 0.07937
1320.199 0.07931
1320.359 0.08018
1320.509 0.079
1320.669 0.07859
1320.829 0.07892
1320.989 0.07973
1321.139 0.07904
1321.299 0.08028
1321.449 0.07893
1321.609 0.07934
1321.769 0.07895
1321.929 0.08009
1322.079 0.07912
1322.239 0.07897
1322.399 0.07903
1322.559 0.07979
1322.709 0.07873
1322.869 0.07831
1323.029 0.07872
1323.189 0.0794
1323.339 0.07879
1323.499 0.07974
1323.649 0.07849
1323.809 0.0787
1323.969 0.07841
1324.129 0.07967
1324.279 0.07855
1324.439 0.07838
1324.599 0.07859
1324.759 0.07924
1324.909 0.07833
1325.069 0.07955
1325.229 0.07961
1325.389 0.07995
1325.539 0.0793
1325.699 0.08025
1325.849 0.07911
1326.009 0.07921
1326.169 0.07889
1326.329 0.07984
1326.479 0.07868
1326.639 0.07829
1326.799 0.07844
1326.959 0.07891
1327.109 0.07793
1327.269 0.07909
1327.429 0.07922
1327.589 0.0794
1327.739 0.07876
1327.899 0.07965
1328.049 0.07851
1328.209 0.07844
1328.369 0.07826
1328.529 0.07905
1328.679 0.07796
1328.839 0.079
1328.999 0.07884
1329.159 0.07897
1329.309 0.07808
1329.469 0.07914
1329.629 0.07937
1329.789 0.07941
1329.939 0.0788
1330.099 0.07966
1330.249 0.07842
1330.409 0.07812
1330.569 0.07796
1330.729 0.07862
1330.879 0.07756
1331.039 0.07854
1331.199 0.07842
1331.359 0.07856
1331.509 0.07775
1331.669 0.07888
1331.819 0.07765
1331.979 0.07774
1332.139 0.0775
1332.299 0.07822
1332.449 0.07705
1332.609 0.07649
1332.769 0.07642
1332.929 0.07684
1333.079 0.07573
1333.239 0.07682
1333.399 0.07698
1333.559 0.07703
1333.709 0.07623
1333.869 0.0774
1334.019 0.07639
1334.179 0.0763
1334.339 0.07591
1334.499 0.07641
1334.649 0.07517
1334.809 0.07639
1334.969 0.07619
1335.129 0.07665
1335.279 0.07562
1335.439 0.07648
1335.599 0.07694
1335.759 0.07674
1335.909 0.07618
1336.069 0.07726
1336.219 0.07632
1336.379 0.07612
1336.539 0.07576
1336.699 0.07618
1336.849 0.07535
1337.009 0.0766
1337.169 0.07647
1337.329 0.07671
1337.479 0.07573
1337.639 0.07664
1337.799 0.07708
1337.959 0.07686
1338.109 0.07632
1338.269 0.07726
1338.419 0.07614
1338.579 0.07608
1338.739 0.0759
1338.899 0.07642
1339.049 0.0756
1339.209 0.07679
1339.369 0.07674
1339.529 0.07697
1339.679 0.07621
1339.839 0.07718
1339.999 0.07758
1340.159 0.07723
1340.309 0.07668
1340.469 0.07751
1340.619 0.07644
1340.779 0.07621
1340.939 0.07599
1341.099 0.07643
1341.249 0.0754
1341.409 0.07653
1341.569 0.07642
1341.729 0.07652
1341.879 0.07585
1342.039 0.07681
1342.199 0.07725
1342.359 0.07694
1342.509 0.07657
1342.669 0.07742
1342.819 0.07644
1342.979 0.07609
1343.139 0.07584
1343.299 0.07599
1343.449 0.07507
1343.609 0.07628
1343.769 0.07617
1343.929 0.0761
1344.079 0.07524
1344.239 0.07601
1344.399 0.07638
1344.559 0.07602
1344.709 0.07547
1344.869 0.07622
1345.019 0.07525
1345.179 0.07623
1345.339 0.07581
1345.499 0.07598
1345.649 0.07512
1345.809 0.07623
1345.969 0.07634
1346.129 0.07625
1346.279 0.07556
1346.439 0.07634
1346.589 0.07527
1346.749 0.0753
1346.909 0.07463
1347.069 0.07503
1347.219 0.07386
1347.379 0.07468
1347.539 0.07444
1347.699 0.07455
1347.849 0.07369
1348.009 0.07481
1348.169 0.07508
1348.329 0.07514
1348.479 0.07431
1348.639 0.07511
1348.789 0.07403
1348.949 0.07367
1349.109 0.07335
1349.269 0.0738
1349.419 0.07265
1349.579 0.07337
1349.739 0.07303
1349.899 0.07306
1350.049 0.07211
1350.209 0.07307
1350.369 0.07331
1350.529 0.07324
1350.679 0.07263
1350.839 0.07312
1350.989 0.07221
1351.149 0.0717
1351.309 0.07135
1351.469 0.07189
1351.619 0.07078
1351.779 0.07168
1351.939 0.07145
1352.099 0.07159
1352.249 0.0708
1352.409 0.07155
1352.569 0.07192
1352.729 0.07165
1352.879 0.07107
1353.039 0.07159
1353.189 0.07061
1353.349 0.07023
1353.509 0.07001
1353.669 0.07057
1353.819 0.06954
1353.979 0.07048
1354.139 0.07035
1354.299 0.07043
1354.449 0.0696
1354.609 0.07066
1354.769 0.07088
1354.929 0.07082
1355.079 0.07022
1355.239 0.0709
1355.389 0.06988
1355.549 0.06954
1355.709 0.0694
1355.869 0.06985
1356.019 0.06876
1356.179 0.06968
1356.339 0.0695
1356.499 0.06945
1356.649 0.06874
1356.809 0.06971
1356.969 0.07016
1357.129 0.07031
1357.279 0.06984
1357.439 0.07068
1357.589 0.06982
1357.749 0.06947
1357.909 0.06945
1358.069 0.06988
1358.219 0.06882
1358.379 0.06963
1358.539 0.06962
1358.699 0.06971
1358.849 0.06897
1359.009 0.06998
1359.169 0.07065
1359.329 0.07045
1359.479 0.06996
1359.639 0.07062
1359.789 0.06986
1359.949 0.07098
1360.109 0.07041
1360.269 0.07081
1360.419 0.07022
1360.579 0.07121
1360.739 0.07135
1360.899 0.07149
1361.049 0.07077
1361.209 0.07176
1361.369 0.07232
1361.529 0.07189
1361.679 0.07106
1361.839 0.07175
1361.989 0.07089
1362.149 0.07221
1362.309 0.07196
1362.469 0.0723
1362.619 0.07139
1362.779 0.07241
1362.939 0.07263
1363.099 0.07271
1363.249 0.07201
1363.409 0.07302
1363.569 0.07359
1363.729 0.0732
1363.879 0.07244
1364.039 0.07299
1364.189 0.07224
1364.349 0.07339
1364.509 0.07316
1364.669 0.07359
1364.819 0.07258
1364.979 0.07362
1365.139 0.07377
1365.299 0.07376
1365.449 0.07294
1365.609 0.07381
1365.769 0.07457
1365.929 0.07408
1366.079 0.07337
1366.239 0.07397
1366.389 0.07317
1366.549 0.07434
1366.709 0.07405
1366.869 0.07432
1367.019 0.07337
1367.179 0.0744
1367.339 0.07449
1367.499 0.07449
1367.649 0.07373
1367.809 0.0747
1367.969 0.07539
1368.129 0.07507
1368.279 0.07427
1368.439 0.07494
1368.589 0.07392
1368.749 0.07508
1368.909 0.07472
1369.069 0.07496
1369.219 0.07399
1369.379 0.07515
1369.539 0.07527
1369.699 0.07534
1369.849 0.07463
1370.009 0.07566
1370.169 0.07632
1370.329 0.07578
1370.479 0.07484
1370.639 0.07545
1370.789 0.07438
1370.949 0.07538
1371.109 0.07519
1371.269 0.07535
1371.419 0.07449
1371.579 0.07557
1371.739 0.07584
1371.899 0.07601
1372.049 0.07514
1372.209 0.07613
1372.369 0.07659
1372.529 0.07586
1372.679 0.07511
1372.839 0.07574
1372.989 0.07477
1373.149 0.0758
1373.309 0.07546
1373.469 0.0757
1373.619 0.07489
1373.779 0.07595
1373.939 0.07617
1374.099 0.07614
1374.249 0.07519
1374.409 0.07601
1374.569 0.07651
1374.729 0.07591
1374.879 0.0752
1375.039 0.07601
1375.189 0.07502
1375.349 0.07607
1375.509 0.07552
1375.669 0.07568
1375.819 0.07467
1375.979 0.07586
1376.139 0.07596
1376.299 0.07586
1376.449 0.07487
1376.609 0.07576
1376.769 0.07619
1376.929 0.07568
1377.079 0.0749
1377.239 0.07571
1377.399 0.07658
1377.559 0.07773
1377.709 0.0772
1377.869 0.07735
1378.019 0.07623
1378.179 0.07738
1378.339 0.07739
1378.499 0.07739
1378.649 0.07631
1378.809 0.07724
1378.969 0.07758
1379.129 0.07703
1379.279 0.07617
1379.439 0.07708
1379.599 0.0777
1379.759 0.07885
1379.909 0.07823
1380.069 0.07847
1380.219 0.07744
1380.379 0.07858
1380.539 0.07856
1380.699 0.0787
1380.849 0.07758
1381.009 0.0786
1381.169 0.07874
1381.329 0.07807
1381.479 0.07723
1381.639 0.078
1381.799 0.07868
1381.959 0.07994
1382.109 0.07921
1382.269 0.07942
1382.419 0.07838
1382.579 0.07961
1382.739 0.07936
1382.899 0.07937
1383.049 0.07825
1383.209 0.07925
1383.369 0.07928
1383.529 0.0786
1383.679 0.07766
1383.839 0.07845
1383.999 0.07905
1384.159 0.08016
1384.309 0.07928
1384.469 0.07946
1384.619 0.0784
1384.779 0.0796
1384.939 0.07925
1385.099 0.07916
1385.249 0.07802
1385.409 0.07904
1385.569 0.07882
1385.729 0.07829
1385.879 0.07729
1386.039 0.07816
1386.199 0.07855
1386.359 0.07984
1386.509 0.07891
1386.669 0.07927
1386.829 0.07982
1386.989 0.08094
1387.139 0.08047
1387.299 0.08042
1387.449 0.07933
1387.609 0.08033
1387.769 0.08008
1387.929 0.07971
1388.079 0.07865
1388.239 0.07958
1388.399 0.0798
1388.559 0.08095
1388.709 0.07995
1388.869 0.08036
1389.029 0.08075
1389.189 0.08194
1389.339 0.08126
1389.499 0.08123
1389.649 0.08025
1389.809 0.08133
1389.969 0.081
1390.129 0.08073
1390.279 0.07959
1390.439 0.08051
1390.599 0.08056
1390.759 0.07981
1390.909 0.07859
1391.069 0.07905
1391.229 0.07941
1391.389 0.08063
1391.539 0.07981
1391.699 0.07988
1391.849 0.07882
1392.009 0.08004
1392.169 0.07961
1392.329 0.07924
1392.479 0.0782
1392.639 0.07912
1392.799 0.07902
1392.959 0.07846
1393.109 0.07725
1393.269 0.07777
1393.429 0.07799
1393.589 0.07914
1393.739 0.07836
1393.899 0.07831
1394.059 0.07878
1394.219 0.07996
1394.369 0.07925
1394.529 0.07907
1394.679 0.07802
1394.839 0.07892
1394.999 0.07867
1395.159 0.07806
1395.309 0.07691
1395.469 0.07762
1395.629 0.07777
1395.789 0.07918
1395.939 0.07815
1396.099 0.07848
1396.259 0.07888
1396.419 0.0801
1396.569 0.07936
1396.729 0.07937
1396.879 0.07842
1397.039 0.0793
1397.199 0.07886
1397.359 0.07836
1397.509 0.07723
1397.669 0.07821
1397.829 0.07813
1397.989 0.07921
1398.139 0.07799
1398.299 0.07842
1398.459 0.07879
1398.619 0.07997
1398.769 0.07909
1398.929 0.07946
1399.089 0.08023
1399.249 0.08149
1399.399 0.0809
1399.559 0.08054
1399.709 0.07934
1399.869 0.08044
1400.029 0.08014
1400.189 0.07952
1400.339 0.07828
1400.499 0.07873
1400.659 0.07889
1400.819 0.07986
1400.969 0.07884
1401.129 0.07919
1401.289 0.0798
1401.449 0.08097
1401.599 0.08019
1401.759 0.07976
1401.909 0.07866
1402.069 0.07981
1402.229 0.07957
1402.389 0.07938
1402.539 0.07826
1402.699 0.07864
1402.859 0.07881
1403.019 0.07986
1403.169 0.07893
1403.329 0.07942
1403.489 0.07985
1403.649 0.08091
1403.799 0.08001
1403.959 0.07989
1404.109 0.07896
1404.269 0.08015
1404.429 0.07993
1404.589 0.07968
1404.739 0.07844
1404.899 0.0791
1405.059 0.07915
1405.219 0.08033
1405.369 0.07936
1405.529 0.07979
1405.689 0.08031
1405.849 0.08137
1405.999 0.08053
1406.159 0.0805
1406.309 0.07952
1406.469 0.0808
1406.629 0.08042
1406.789 0.08024
1406.939 0.07909
1407.099 0.07973
1407.259 0.07975
1407.419 0.07905
1407.569 0.07802
1407.729 0.07873
1407.889 0.07909
1408.049 0.08021
1408.199 0.0792
1408.359 0.07934
1408.519 0.07987
1408.679 0.08097
1408.829 0.08052
1408.989 0.08041
1409.139 0.07901
1409.299 0.07995
1409.459 0.07964
1409.619 0.07909
1409.769 0.07793
1409.929 0.07855
1410.089 0.07884
1410.249 0.07998
1410.399 0.07904
1410.559 0.07953
1410.719 0.08003
1410.879 0.08129
1411.029 0.08069
1411.189 0.08069
1411.339 0.07974
1411.499 0.08075
1411.659 0.08045
1411.819 0.08014
1411.969 0.07897
1412.129 0.07982
1412.289 0.07985
1412.449 0.07916
1412.599 0.07796
1412.759 0.07852
1412.919 0.07891
1413.079 0.08003
1413.229 0.07928
1413.389 0.0795
1413.539 0.07851
1413.699 0.07979
1413.859 0.07934
1414.019 0.07921
1414.169 0.07819
1414.329 0.07915
1414.489 0.07926
1414.649 0.07866
1414.799 0.07753
1414.959 0.0782
1415.119 0.07871
1415.279 0.07987
1415.429 0.07899
1415.589 0.07923
1415.739 0.07799
1415.899 0.07924
1416.059 0.07895
1416.219 0.0789
1416.369 0.0777
1416.529 0.07871
1416.689 0.07861
1416.849 0.07803
1416.999 0.07696
1417.159 0.07779
1417.319 0.07811
1417.479 0.07927
1417.629 0.07841
1417.789 0.07855
1417.949 0.07913
1418.109 0.08036
1418.259 0.07997
1418.419 0.08002
1418.569 0.07875
1418.729 0.07968
1418.889 0.07958
1419.049 0.07914
1419.199 0.07799
1419.359 0.07892
1419.519 0.07922
1419.679 0.08037
1419.829 0.07936
1419.989 0.07969
1420.149 0.08017
1420.309 0.08134
1420.459 0.08081
1420.619 0.08094
1420.769 0.08005
1420.929 0.0811
1421.089 0.08083
1421.249 0.08062
1421.399 0.07953
1421.559 0.08061
1421.719 0.08092
1421.879 0.08052
1422.029 0.07955
1422.189 0.07998
1422.349 0.08044
1422.509 0.08152
1422.659 0.08084
1422.819 0.08114
1422.969 0.08017
1423.129 0.08146
1423.289 0.0812
1423.449 0.08083
1423.599 0.07959
1423.759 0.08071
1423.919 0.08081
1424.079 0.08031
1424.229 0.07915
1424.389 0.07963
1424.549 0.08006
1424.709 0.08105
1424.859 0.08041
1425.019 0.08078
1425.169 0.07964
1425.329 0.08077
1425.489 0.08035
1425.649 0.0801
1425.799 0.07892
1425.959 0.08008
1426.119 0.08012
1426.279 0.07972
1426.429 0.07857
1426.589 0.07914
1426.749 0.07945
1426.909 0.08065
1427.059 0.07986
1427.219 0.0803
1427.369 0.07914
1427.529 0.08038
1427.689 0.07991
1427.849 0.07979
1427.999 0.07867
1428.159 0.07987
1428.319 0.07988
1428.479 0.07953
1428.629 0.07833
1428.789 0.07914
1428.949 0.07938
1429.109 0.08054
1429.259 0.07964
1429.419 0.08016
1429.569 0.07904
1429.729 0.08036
1429.889 0.07972
1430.049 0.07973
1430.199 0.07877
1430.359 0.07997
1430.519 0.07988
1430.679 0.07959
1430.829 0.07831
1430.989 0.07918
1431.149 0.07947
1431.309 0.07885
1431.459 0.07792
1431.619 0.07845
1431.779 0.07899
1431.939 0.08015
1432.089 0.07953
1432.249 0.07982
1432.399 0.07879
1432.559 0.08009
1432.709 0.07938
1432.869 0.07941
1433.029 0.07818
1433.189 0.07913
1433.349 0.07936
1433.509 0.079
1433.659 0.07812
1433.819 0.07868
1433.979 0.07926
1434.139 0.0803
1434.289 0.0796
1434.449 0.07997
1434.599 0.07875
1434.759 0.07993
1434.919 0.07961
1435.079 0.07933
1435.229 0.07806
1435.389 0.07914
1435.549 0.07929
1435.709 0.07898
1435.859 0.07804
1436.019 0.07871
1436.179 0.07906
1436.339 0.08015
1436.489 0.07929
1436.649 0.07958
1436.799 0.07855
1436.959 0.0797
1437.119 0.07933
1437.279 0.07922
1437.429 0.07815
1437.589 0.07935
1437.749 0.07956
1437.909 0.07933
1438.059 0.07848
1438.219 0.07912
1438.379 0.07945
1438.539 0.08063
1438.689 0.07985
1438.849 0.08041
1438.999 0.07938
1439.159 0.08048
1439.319 0.08003
1439.479 0.07995
1439.629 0.07893
1439.789 0.08016
1439.949 0.08038
1440.109 0.08017
1440.259 0.07913
1440.419 0.07973
1440.579 0.08013
1440.739 0.08132
1440.889 0.08054
1441.049 0.0811
1441.199 0.07994
1441.359 0.08115
1441.519 0.08072
1441.679 0.08062
1441.829 0.07956
1441.989 0.08078
1442.149 0.08087
1442.309 0.08056
1442.459 0.07944
1442.619 0.08017
1442.779 0.08051
1442.939 0.08151
1443.089 0.08069
1443.249 0.08124
1443.399 0.08021
1443.559 0.08138
1443.719 0.08094
1443.879 0.08092
1444.029 0.07989
1444.189 0.08107
1444.349 0.08117
1444.509 0.08085
1444.659 0.07978
1444.819 0.08066
1444.979 0.08098
1445.139 0.08034
1445.289 0.07963
1445.449 0.08017
1445.599 0.07893
1445.759 0.08013
1445.919 0.07956
1446.079 0.07996
1446.229 0.07852
1446.389 0.07971
1446.549 0.07977
1446.709 0.07954
1446.859 0.0783
1447.019 0.07914
1447.179 0.07949
1447.339 0.07889
1447.489 0.0782
1447.649 0.07879
1447.799 0.07751
1447.959 0.07876
1448.119 0.07816
1448.279 0.07827
1448.429 0.0772
1448.589 0.07836
1448.749 0.07828
1448.909 0.07805
1449.059 0.0768
1449.219 0.07779
1449.369 0.07685
1449.529 0.07662
1449.689 0.07586
1449.849 0.07642
1449.999 0.07547
1450.159 0.07677
1450.319 0.07634
1450.479 0.07651
1450.629 0.07532
1450.789 0.07644
1450.949 0.07633
1451.109 0.07611
1451.259 0.07501
1451.419 0.07588
1451.579 0.07618
1451.739 0.07569
1451.889 0.07495
1452.049 0.07543
1452.199 0.07408
1452.359 0.07524
1452.519 0.07477
1452.679 0.07506
1452.829 0.07398
1452.989 0.07525
1453.149 0.07505
1453.309 0.07481
1453.459 0.07357
1453.619 0.07465
1453.779 0.07503
1453.939 0.0746
1454.089 0.07373
1454.249 0.07437
1454.399 0.07313
1454.559 0.07444
1454.719 0.07382
1454.879 0.07413
1455.029 0.07313
1455.189 0.07431
1455.349 0.07408
1455.509 0.07387
1455.659 0.07282
1455.819 0.07395
1455.979 0.07426
1456.139 0.07403
1456.289 0.07313
1456.449 0.07379
1456.609 0.07438
1456.769 0.07547
1456.919 0.07481
1457.079 0.07532
1457.229 0.07431
1457.389 0.0754
1457.549 0.07511
1457.709 0.07495
1457.859 0.07392
1458.019 0.07517
1458.179 0.07545
1458.339 0.07519
1458.489 0.07429
1458.649 0.07497
1458.809 0.07554
1458.969 0.07666
1459.119 0.07588
1459.279 0.07639
1459.429 0.07559
1459.589 0.07697
1459.749 0.07666
1459.909 0.07665
1460.059 0.07565
1460.219 0.07701
1460.379 0.07723
1460.539 0.07703
1460.689 0.076
1460.849 0.07663
1461.009 0.07708
1461.169 0.07824
1461.319 0.07742
1461.479 0.07793
1461.629 0.07695
1461.789 0.07815
1461.949 0.07777
1462.109 0.07763
1462.259 0.07654
1462.419 0.07791
1462.579 0.07799
1462.739 0.07886
1462.889 0.07754
1463.049 0.07829
1463.209 0.07871
1463.369 0.07953
1463.519 0.07865
1463.679 0.07908
1463.829 0.07803
1463.989 0.0792
1464.149 0.0787
1464.309 0.07849
1464.459 0.07745
1464.619 0.0785
1464.779 0.07861
1464.939 0.07853
1465.089 0.0774
1465.249 0.07802
1465.409 0.07867
1465.569 0.08002
1465.719 0.07925
1465.879 0.07983
1466.029 0.07884
1466.189 0.08011
1466.349 0.07933
1466.509 0.07938
1466.659 0.07832
1466.819 0.0797
1466.979 0.0796
1467.139 0.07934
1467.289 0.0782
1467.449 0.07904
1467.609 0.07935
1467.769 0.08037
1467.919 0.07949
1468.079 0.08005
1468.229 0.0789
1468.389 0.08017
1468.549 0.07957
1468.709 0.07984
1468.859 0.07878
1469.019 0.07992
1469.179 0.07987
1469.339 0.07945
1469.489 0.07819
1469.649 0.07919
1469.809 0.07934
1469.969 0.07867
1470.119 0.07782
1470.279 0.07838
1470.439 0.07873
1470.599 0.07987
1470.749 0.07928
1470.909 0.07947
1471.059 0.07857
1471.219 0.07974
1471.379 0.07957
1471.539 0.07922
1471.689 0.07804
1471.849 0.07911
1472.009 0.0793
1472.169 0.07874
1472.319 0.07796
1472.479 0.07854
1472.639 0.07917
1472.799 0.08017
1472.949 0.07933
1473.109 0.07965
1473.259 0.07839
1473.419 0.07964
1473.579 0.07927
1473.739 0.079
1473.889 0.0778
1474.049 0.07895
1474.209 0.07921
1474.369 0.07887
1474.519 0.07802
1474.679 0.07876
1474.839 0.07937
1474.999 0.08046
1475.149 0.07977
1475.309 0.08019
1475.459 0.07911
1475.619 0.0803
1475.779 0.08
1475.939 0.07994
1476.089 0.07895
1476.249 0.08005
1476.409 0.08025
1476.569 0.07983
1476.719 0.07912
1476.879 0.07975
1477.039 0.0803
1477.199 0.08138
1477.349 0.08071
1477.509 0.08103
1477.659 0.08013
1477.819 0.08129
1477.979 0.08112
1478.139 0.08092
1478.289 0.07966
1478.449 0.08079
1478.609 0.08101
1478.769 0.08066
1478.919 0.07959
1479.079 0.08009
1479.239 0.08056
1479.399 0.08164
1479.549 0.08086
1479.709 0.08154
1479.859 0.08048
1480.019 0.08172
1480.179 0.08139
1480.339 0.08117
1480.489 0.08003
1480.649 0.08124
1480.809 0.08152
1480.969 0.08127
1481.119 0.08046
1481.279 0.08115
1481.439 0.08162
1481.599 0.08288
1481.749 0.08219
1481.909 0.08273
1482.059 0.08153
1482.219 0.08269
1482.379 0.08253
1482.539 0.08236
1482.689 0.08134
1482.849 0.0826
1483.009 0.08277
1483.169 0.08264
1483.319 0.08181
1483.479 0.08264
1483.639 0.08314
1483.799 0.08259
1483.949 0.08198
1484.109 0.08252
1484.259 0.08139
1484.419 0.08235
1484.579 0.08206
1484.739 0.08194
1484.889 0.08085
1485.049 0.08205
1485.209 0.08218
1485.369 0.08209
1485.519 0.08117
1485.679 0.08195
1485.839 0.08258
1485.999 0.0818
1486.149 0.08132
1486.309 0.08197
1486.459 0.08084
1486.619 0.08206
1486.779 0.08161
1486.939 0.08166
1487.089 0.08059
1487.249 0.08177
1487.409 0.08203
1487.569 0.08179
1487.719 0.08078
1487.879 0.0816
1488.039 0.08211
1488.199 0.08146
1488.349 0.08097
1488.509 0.08158
1488.659 0.08047
1488.819 0.0817
1488.979 0.08144
1489.139 0.08152
1489.289 0.08046
1489.449 0.0816
1489.609 0.08193
1489.769 0.08171
1489.919 0.08087
1490.079 0.08179
1490.239 0.08235
1490.399 0.08178
1490.549 0.08143
1490.709 0.08202
1490.859 0.0811
1491.019 0.08227
1491.179 0.08198
1491.339 0.08195
1491.489 0.08102
1491.649 0.08213
1491.809 0.0825
1491.969 0.08232
1492.119 0.08137
1492.279 0.08219
1492.439 0.08288
1492.599 0.08239
1492.749 0.08192
1492.909 0.0826
1493.059 0.08134
1493.219 0.08252
1493.379 0.08222
1493.539 0.08224
1493.689 0.0813
1493.849 0.08248
1494.009 0.0828
1494.169 0.08242
1494.319 0.08146
1494.479 0.08235
1494.639 0.08298
1494.799 0.08268
1494.949 0.0822
1495.109 0.08266
1495.259 0.08154
1495.419 0.08275
1495.579 0.08262
1495.739 0.0827
1495.889 0.08187
1496.049 0.08308
1496.209 0.08334
1496.369 0.08313
1496.519 0.08222
1496.679 0.08317
1496.829 0.08207
1496.989 0.08169
1497.149 0.08141
1497.309 0.0819
1497.459 0.08081
1497.619 0.08205
1497.779 0.08193
1497.939 0.08221
1498.089 0.08128
1498.249 0.08243
1498.409 0.08277
1498.569 0.08259
1498.719 0.0817
1498.879 0.08269
1499.029 0.0816
1499.189 0.08118
1499.349 0.08089
1499.509 0.0814
1499.659 0.0802
1499.819 0.08137
1499.979 0.08133
1500.139 0.08166
1500.289 0.08074
1500.449 0.08195
1500.609 0.08229
1500.769 0.08187
1500.919 0.08115
1501.079 0.08206
1501.229 0.08099
1501.389 0.08063
1501.549 0.08032
1501.709 0.08074
1501.859 0.07971
1502.019 0.08088
1502.179 0.08097
1502.339 0.08131
1502.489 0.08027
1502.649 0.08126
1502.809 0.08156
1502.969 0.08121
1503.119 0.08053
1503.279 0.0817
1503.429 0.08057
1503.589 0.0802
1503.749 0.07987
1503.909 0.08023
1504.059 0.07919
1504.219 0.08058
1504.379 0.08057
1504.539 0.08077
1504.689 0.0799
1504.849 0.0809
1505.009 0.08131
1505.169 0.08096
1505.319 0.08024
1505.479 0.08116
1505.629 0.08019
1505.789 0.0797
1505.949 0.07928
1506.109 0.0797
1506.259 0.07851
1506.419 0.07978
1506.579 0.07979
1506.739 0.07997
1506.889 0.07898
1507.049 0.08014
1507.209 0.08039
1507.369 0.07999
1507.519 0.07926
1507.679 0.08032
1507.829 0.07924
1507.989 0.07882
1508.149 0.07818
1508.309 0.07845
1508.459 0.07734
1508.619 0.07855
1508.779 0.0785
1508.939 0.07866
1509.089 0.07754
1509.249 0.07857
1509.409 0.07884
1509.569 0.07843
1509.719 0.07771
1509.879 0.07872
1510.029 0.07759
1510.189 0.07886
1510.349 0.07816
1510.509 0.07848
1510.659 0.07739
1510.819 0.0786
1510.979 0.07852
1511.139 0.07867
1511.289 0.07751
1511.449 0.07859
1511.609 0.07888
1511.769 0.07851
1511.919 0.07772
1512.079 0.0785
1512.239 0.07922
1512.399 0.08033
1512.549 0.07961
1512.709 0.07998
1512.859 0.07883
1513.019 0.08012
1513.179 0.08001
1513.339 0.07997
1513.489 0.07877
1513.649 0.07979
1513.809 0.07995
1513.969 0.07946
1514.119 0.07873
1514.279 0.07945
1514.439 0.0802
1514.599 0.08131
1514.749 0.08061
1514.909 0.08104
1515.059 0.08
1515.219 0.08121
1515.379 0.08108
1515.539 0.08084
1515.689 0.07962
1515.849 0.08062
1516.009 0.08095
1516.169 0.08066
1516.319 0.07992
1516.479 0.08081
1516.639 0.08125
1516.799 0.08239
1516.949 0.08169
1517.109 0.08212
1517.259 0.08124
1517.419 0.08245
1517.579 0.082
1517.739 0.08183
1517.889 0.08077
1518.049 0.08185
1518.209 0.08207
1518.369 0.08172
1518.519 0.08088
1518.679 0.08158
1518.839 0.08223
1518.999 0.08327
1519.149 0.08267
1519.309 0.0831
1519.459 0.08197
1519.619 0.08313
1519.779 0.08284
1519.939 0.08268
1520.089 0.08154
1520.249 0.08276
1520.409 0.08289
1520.569 0.08261
1520.719 0.08176
1520.879 0.08262
1521.039 0.08308
1521.199 0.08413
1521.349 0.08336
1521.509 0.08383
1521.659 0.08285
1521.819 0.08417
1521.979 0.0839
1522.139 0.08383
1522.289 0.08261
1522.449 0.08392
1522.609 0.0842
1522.769 0.08391
1522.919 0.08302
1523.079 0.08377
1523.239 0.08415
1523.399 0.08523
1523.549 0.08441
1523.709 0.08503
1523.859 0.08395
1524.019 0.08525
1524.179 0.0849
1524.339 0.08486
1524.489 0.08364
1524.649 0.08492
1524.809 0.08514
1524.969 0.08487
1525.119 0.08388
1525.279 0.08458
1525.439 0.08513
1525.599 0.08436
1525.749 0.08373
1525.909 0.08441
1526.059 0.08335
1526.219 0.08466
1526.379 0.08424
1526.539 0.08418
1526.689 0.08304
1526.849 0.08438
1527.009 0.0846
1527.169 0.08432
1527.319 0.08333
1527.479 0.08409
1527.639 0.08458
1527.799 0.08392
1527.949 0.08335
1528.109 0.08397
1528.259 0.08277
1528.419 0.08401
1528.579 0.0835
1528.739 0.0835
1528.889 0.08242
1529.049 0.08366
1529.209 0.08394
1529.369 0.08368
1529.519 0.0826
1529.679 0.08346
1529.839 0.08377
1529.999 0.08315
1530.149 0.08261
1530.309 0.08324
1530.459 0.08204
1530.619 0.08314
1530.779 0.08263
1530.939 0.08266
1531.089 0.08158
1531.249 0.08275
1531.409 0.08285
1531.569 0.08271
1531.719 0.08161
1531.879 0.08253
1532.039 0.08293
1532.199 0.08225
1532.349 0.08177
1532.509 0.08246
1532.659 0.08131
1532.819 0.08258
1532.979 0.08216
1533.139 0.08232
1533.289 0.08124
1533.449 0.08258
1533.609 0.08265
1533.769 0.08239
1533.919 0.08135
1534.079 0.08221
1534.239 0.08265
1534.399 0.08214
1534.549 0.08157
1534.709 0.08212
1534.859 0.08093
1535.019 0.08218
1535.179 0.0817
1535.339 0.08183
1535.489 0.0807
1535.649 0.08185
1535.809 0.08178
1535.969 0.08128
1536.119 0.08028
1536.279 0.08123
1536.439 0.08165
1536.599 0.08111
1536.749 0.08041
1536.909 0.08093
1537.059 0.0797
1537.219 0.08113
1537.379 0.08077
1537.539 0.08102
1537.689 0.07992
1537.849 0.08109
1538.009 0.08105
1538.169 0.08067
1538.319 0.07963
1538.479 0.08072
1538.639 0.08125
1538.799 0.08072
1538.949 0.08006
1539.109 0.0807
1539.259 0.07961
1539.419 0.08091
1539.579 0.0804
1539.739 0.08071
1539.889 0.07966
1540.049 0.08091
1540.209 0.08071
1540.369 0.0804
1540.519 0.07936
1540.679 0.08051
1540.839 0.0811
1540.999 0.08069
1541.149 0.07985
1541.309 0.08034
1541.459 0.07913
1541.619 0.08046
1541.779 0.08001
1541.939 0.08046
1542.089 0.07939
1542.249 0.08069
1542.409 0.08052
1542.569 0.08023
1542.719 0.07925
1542.879 0.08033
1543.039 0.08071
1543.199 0.08019
1543.349 0.07925
1543.509 0.07978
1543.659 0.07863
1543.819 0.07996
1543.979 0.07948
1544.139 0.07984
1544.289 0.07888
1544.449 0.08032
1544.609 0.08012
1544.769 0.07979
1544.919 0.07881
1545.079 0.07983
1545.239 0.08022
1545.399 0.07979
1545.549 0.07894
1545.709 0.07946
1545.859 0.07824
1546.019 0.07946
1546.179 0.07899
1546.339 0.0794
1546.489 0.07839
1546.649 0.07966
1546.809 0.07939
1546.969 0.07921
1547.119 0.07836
1547.279 0.07945
1547.439 0.07983
1547.599 0.07942
1547.749 0.07856
1547.909 0.07938
1548.059 0.07847
1548.219 0.07981
1548.379 0.07933
1548.539 0.07956
1548.689 0.07842
1548.849 0.07966
1549.009 0.0797
1549.169 0.07971
1549.319 0.07895
1549.479 0.07988
1549.639 0.0803
1549.799 0.07978
1549.949 0.07907
1550.109 0.07987
1550.259 0.07883
1550.419 0.08014
1550.579 0.07942
1550.739 0.07957
1550.889 0.07841
1551.049 0.07968
1551.209 0.07972
1551.369 0.07977
1551.519 0.07887
1551.679 0.07988
1551.839 0.08004
1551.999 0.07952
1552.149 0.07884
1552.309 0.07959
1552.459 0.07847
1552.619 0.07955
1552.779 0.07886
1552.939 0.07912
1553.089 0.07795
1553.249 0.07917
1553.409 0.07922
1553.569 0.07915
1553.719 0.07821
1553.879 0.0791
1554.039 0.07939
1554.199 0.0788
1554.349 0.07794
1554.509 0.07872
1554.659 0.07769
1554.819 0.07896
1554.979 0.07827
1555.139 0.07858
1555.289 0.0773
1555.449 0.07861
1555.609 0.0786
1555.769 0.07866
1555.919 0.07768
1556.079 0.07873
1556.239 0.07887
1556.399 0.0784
1556.549 0.07765
1556.709 0.07863
1556.859 0.07755
1557.019 0.0788
1557.179 0.07811
1557.339 0.07845
1557.489 0.07735
1557.649 0.07857
1557.809 0.07841
1557.969 0.07851
1558.119 0.0775
1558.279 0.07844
1558.439 0.07877
1558.599 0.07837
1558.749 0.0777
1558.909 0.07865
1559.059 0.07753
1559.219 0.07885
1559.379 0.07822
1559.539 0.07855
1559.689 0.07743
1559.849 0.07853
1560.009 0.07839
1560.169 0.07834
1560.319 0.07722
1560.479 0.07814
1560.639 0.0784
1560.799 0.07809
1560.949 0.07733
1561.109 0.078
1561.259 0.07674
1561.419 0.07795
1561.579 0.0772
1561.739 0.07765
1561.889 0.07663
1562.049 0.07793
1562.209 0.07783
1562.369 0.07773
1562.519 0.07648
1562.679 0.07751
1562.839 0.07784
1562.999 0.07742
1563.149 0.07668
1563.309 0.07738
1563.469 0.07796
1563.629 0.07914
1563.779 0.07847
1563.939 0.07888
1564.089 0.07784
1564.249 0.07902
1564.409 0.0788
1564.569 0.07878
1564.719 0.07765
1564.879 0.0788
1565.039 0.0791
1565.199 0.07878
1565.349 0.07793
1565.509 0.07861
1565.669 0.07913
1565.829 0.08021
1565.979 0.07958
1566.139 0.07994
1566.289 0.07886
1566.449 0.08022
1566.609 0.07998
1566.769 0.07977
1566.919 0.0788
1567.079 0.07996
1567.239 0.0804
1567.399 0.08005
1567.549 0.07906
1567.709 0.07985
1567.869 0.08036
1568.029 0.08148
1568.179 0.08074
1568.339 0.08139
1568.489 0.08034
1568.649 0.08154
1568.809 0.08104
1568.969 0.08087
1569.119 0.0797
1569.279 0.08082
1569.439 0.08096
1569.599 0.08073
1569.749 0.07971
1569.909 0.08049
1570.069 0.08078
1570.229 0.08189
1570.379 0.08195
1570.539 0.08247
1570.689 0.08133
1570.849 0.0827
1571.009 0.08222
1571.169 0.08198
1571.319 0.08087
1571.479 0.08224
