%Time3 coef_friccion3
1000.132 0.06187
1000.292 0.06287
1000.452 0.06326
1000.612 0.06186
1000.762 0.06289
1000.922 0.06327
1001.082 0.06323
1001.242 0.0626
1001.392 0.06346
1001.552 0.06163
1001.702 0.06253
1001.862 0.06343
1002.022 0.06386
1002.182 0.06221
1002.332 0.06336
1002.492 0.06429
1002.652 0.0643
1002.812 0.06304
1002.962 0.06409
1003.122 0.06437
1003.282 0.06414
1003.442 0.06371
1003.592 0.06445
1003.752 0.06254
1003.902 0.06364
1004.062 0.0644
1004.222 0.06468
1004.382 0.06312
1004.532 0.06403
1004.692 0.06475
1004.852 0.06463
1005.012 0.06356
1005.162 0.06457
1005.322 0.06246
1005.472 0.06309
1005.632 0.06398
1005.792 0.06458
1005.952 0.06281
1006.102 0.06378
1006.262 0.06476
1006.422 0.06486
1006.582 0.06343
1006.732 0.06451
1006.892 0.06479
1007.052 0.06488
1007.212 0.06424
1007.362 0.06517
1007.522 0.06304
1007.672 0.06403
1007.832 0.06491
1007.992 0.06505
1008.152 0.06353
1008.302 0.06475
1008.462 0.06542
1008.622 0.06547
1008.782 0.06419
1008.932 0.06498
1009.092 0.06285
1009.242 0.06377
1009.402 0.06474
1009.562 0.06545
1009.722 0.06351
1009.872 0.06472
1010.032 0.06556
1010.192 0.0656
1010.352 0.06412
1010.502 0.06519
1010.662 0.06572
1010.822 0.06535
1010.982 0.06436
1011.132 0.06511
1011.292 0.06303
1011.442 0.06396
1011.602 0.06475
1011.762 0.06512
1011.922 0.06345
1012.072 0.06447
1012.232 0.0651
1012.392 0.06512
1012.552 0.06414
1012.702 0.06491
1012.862 0.06528
1013.022 0.06505
1013.182 0.06461
1013.332 0.06527
1013.492 0.06339
1013.642 0.06446
1013.802 0.0651
1013.962 0.06532
1014.122 0.06403
1014.272 0.06502
1014.432 0.06566
1014.592 0.06548
1014.752 0.0647
1014.902 0.06544
1015.062 0.06336
1015.212 0.06419
1015.372 0.06507
1015.532 0.06547
1015.692 0.06363
1015.842 0.06441
1016.002 0.06506
1016.162 0.06511
1016.322 0.06381
1016.472 0.06479
1016.632 0.06518
1016.792 0.06498
1016.952 0.06441
1017.102 0.06505
1017.262 0.06302
1017.412 0.06392
1017.572 0.0649
1017.732 0.06531
1017.892 0.06387
1018.042 0.06478
1018.202 0.06539
1018.362 0.06544
1018.522 0.06459
1018.672 0.06547
1018.832 0.06361
1018.982 0.06429
1019.142 0.06515
1019.302 0.06557
1019.462 0.06376
1019.612 0.06458
1019.772 0.0653
1019.932 0.06554
1020.092 0.06401
1020.242 0.06494
1020.402 0.06516
1020.562 0.06511
1020.722 0.06449
1020.872 0.06529
1021.032 0.0632
1021.182 0.06413
1021.342 0.06519
1021.502 0.06535
1021.662 0.06345
1021.812 0.06448
1021.972 0.06525
1022.132 0.06533
1022.292 0.06429
1022.442 0.06529
1022.602 0.06314
1022.752 0.06392
1022.912 0.06469
1023.072 0.06527
1023.232 0.06323
1023.382 0.06414
1023.542 0.06512
1023.702 0.06533
1023.862 0.06375
1024.012 0.06479
1024.172 0.06546
1024.332 0.0655
1024.492 0.06474
1024.642 0.06575
1024.802 0.0639
1024.952 0.06496
1025.112 0.0658
1025.272 0.06629
1025.432 0.0645
1025.582 0.06561
1025.742 0.06654
1025.902 0.06664
1026.062 0.06544
1026.212 0.0664
1026.372 0.0668
1026.532 0.06681
1026.692 0.06623
1026.842 0.06703
1027.002 0.06522
1027.152 0.06618
1027.312 0.06715
1027.472 0.06725
1027.632 0.06587
1027.782 0.06703
1027.942 0.0679
1028.102 0.06769
1028.262 0.06676
1028.412 0.06784
1028.572 0.06593
1028.732 0.06485
1028.892 0.06462
1029.042 0.06532
1029.202 0.06353
1029.352 0.06479
1029.512 0.06592
1029.672 0.06608
1029.832 0.06484
1029.982 0.06606
1030.142 0.06662
1030.302 0.06647
1030.462 0.06578
1030.612 0.06698
1030.772 0.06527
1030.922 0.06653
1031.082 0.06766
1031.242 0.06838
1031.402 0.06676
1031.552 0.06841
1031.712 0.06965
1031.872 0.06972
1032.032 0.06875
1032.182 0.07003
1032.342 0.06848
1032.502 0.06705
1032.662 0.06674
1032.812 0.0679
1032.972 0.06642
1033.132 0.06559
1033.292 0.0656
1033.442 0.06631
1033.602 0.06504
1033.752 0.06659
1033.912 0.06775
1034.072 0.06777
1034.232 0.06697
1034.382 0.06856
1034.542 0.06718
1034.702 0.06594
1034.862 0.06561
1035.012 0.06683
1035.172 0.06552
1035.332 0.06475
1035.492 0.06506
1035.642 0.06585
1035.802 0.0647
1035.952 0.0665
1036.112 0.06539
1036.272 0.06438
1036.432 0.0639
1036.582 0.06552
1036.742 0.06429
1036.902 0.06328
1037.062 0.06306
1037.212 0.06449
1037.372 0.06336
1037.532 0.06269
1037.692 0.0628
1037.842 0.0635
1038.002 0.0625
1038.152 0.06438
1038.312 0.0635
1038.472 0.06285
1038.632 0.06243
1038.782 0.06416
1038.942 0.0631
1039.102 0.0622
1039.262 0.06183
1039.412 0.06305
1039.572 0.06228
1039.732 0.06201
1039.892 0.06186
1040.042 0.06256
1040.202 0.0619
1040.352 0.06358
1040.512 0.06297
1040.672 0.0622
1040.832 0.06208
1040.982 0.06376
1041.142 0.06275
1041.302 0.06195
1041.462 0.0619
1041.612 0.06306
1041.772 0.06243
1041.932 0.06228
1042.092 0.06207
1042.242 0.06272
1042.402 0.06203
1042.552 0.0639
1042.712 0.06317
1042.872 0.06247
1043.032 0.06235
1043.182 0.064
1043.342 0.06307
1043.502 0.06264
1043.662 0.06252
1043.812 0.06379
1043.972 0.06274
1044.132 0.06247
1044.292 0.06003
1044.442 0.05934
1044.602 0.05865
1044.752 0.06068
1044.912 0.05975
1045.072 0.0589
1045.232 0.05875
1045.382 0.06053
1045.542 0.05975
1045.702 0.05923
1045.862 0.05922
1046.012 0.06031
1046.172 0.05947
1046.332 0.05942
1046.492 0.05938
1046.642 0.06013
1046.802 0.05952
1046.952 0.06164
1047.112 0.0611
1047.272 0.06045
1047.432 0.06013
1047.582 0.06199
1047.742 0.06145
1047.902 0.06104
1048.062 0.06105
1048.212 0.06244
1048.372 0.06178
1048.532 0.0614
1048.692 0.06139
1048.842 0.06226
1049.002 0.06175
1049.152 0.06393
1049.312 0.06334
1049.472 0.06278
1049.632 0.06224
1049.782 0.06419
1049.942 0.06356
1050.102 0.06318
1050.262 0.06322
1050.412 0.06475
1050.572 0.06393
1050.732 0.06353
1050.892 0.06353
1051.042 0.06454
1051.202 0.06398
1051.362 0.06407
1051.522 0.06215
1051.672 0.06154
1051.832 0.0611
1051.982 0.06296
1052.142 0.06237
1052.302 0.06187
1052.462 0.06184
1052.612 0.06355
1052.772 0.06299
1052.932 0.06255
1053.092 0.06237
1053.242 0.06371
1053.402 0.06313
1053.562 0.06302
1053.722 0.06134
1053.872 0.06089
1054.032 0.06071
1054.182 0.06276
1054.342 0.06233
1054.502 0.06187
1054.662 0.06182
1054.812 0.06377
1054.972 0.06352
1055.132 0.0632
1055.292 0.06306
1055.442 0.06442
1055.602 0.06404
1055.762 0.064
1055.922 0.06228
1056.072 0.06204
1056.232 0.06181
1056.382 0.06374
1056.542 0.06341
1056.702 0.06309
1056.862 0.06291
1057.012 0.0647
1057.172 0.06442
1057.332 0.06458
1057.492 0.06463
1057.642 0.06613
1057.802 0.0659
1057.962 0.06576
1058.122 0.0638
1058.272 0.06354
1058.432 0.06343
1058.582 0.06554
1058.742 0.06522
1058.902 0.06494
1059.062 0.06505
1059.212 0.06699
1059.372 0.06686
1059.532 0.06684
1059.692 0.0666
1059.842 0.06814
1060.002 0.06797
1060.162 0.06802
1060.322 0.06599
1060.472 0.06573
1060.632 0.06544
1060.792 0.06551
1060.952 0.0638
1061.102 0.06353
1061.262 0.06337
1061.412 0.06558
1061.572 0.06533
1061.732 0.06501
1061.892 0.06506
1062.042 0.06685
1062.202 0.06636
1062.362 0.0661
1062.522 0.06393
1062.672 0.06369
1062.832 0.06333
1062.992 0.06354
1063.152 0.06165
1063.302 0.06162
1063.462 0.06139
1063.612 0.06355
1063.772 0.06351
1063.932 0.06328
1064.092 0.06329
1064.242 0.06513
1064.402 0.06488
1064.562 0.06481
1064.722 0.06475
1064.872 0.06595
1065.032 0.06569
1065.192 0.06546
1065.352 0.06363
1065.502 0.06354
1065.662 0.06347
1065.812 0.06581
1065.972 0.0657
1066.132 0.06556
1066.292 0.06547
1066.442 0.06747
1066.602 0.06718
1066.762 0.06718
1066.922 0.06725
1067.072 0.06866
1067.232 0.0684
1067.392 0.06819
1067.552 0.06597
1067.702 0.06596
1067.862 0.06578
1068.022 0.06602
1068.182 0.06422
1068.332 0.06406
1068.492 0.06392
1068.642 0.06619
1068.802 0.06596
1068.962 0.0659
1069.122 0.06585
1069.272 0.06763
1069.432 0.06749
1069.592 0.06749
1069.752 0.06557
1069.902 0.06555
1070.062 0.06538
1070.222 0.06545
1070.382 0.06376
1070.532 0.06382
1070.692 0.06355
1070.842 0.06562
1071.002 0.06537
1071.162 0.06508
1071.322 0.06515
1071.472 0.06691
1071.632 0.06679
1071.792 0.06668
1071.952 0.06463
1072.102 0.06459
1072.262 0.06457
1072.422 0.06442
1072.582 0.06246
1072.732 0.06246
1072.892 0.06218
1073.042 0.06435
1073.202 0.0643
1073.362 0.06408
1073.522 0.06391
1073.672 0.06568
1073.832 0.06557
1073.992 0.06552
1074.152 0.06552
1074.302 0.06678
1074.462 0.06662
1074.622 0.06653
1074.782 0.06433
1074.932 0.06433
1075.092 0.06424
1075.252 0.06423
1075.412 0.06266
1075.562 0.06265
1075.722 0.06279
1075.872 0.06466
1076.032 0.06446
1076.192 0.0645
1076.352 0.06436
1076.502 0.0659
1076.662 0.06559
1076.822 0.06569
1076.982 0.06346
1077.132 0.06312
1077.292 0.06295
1077.452 0.06292
1077.612 0.06131
1077.762 0.06124
1077.922 0.06119
1078.072 0.0632
1078.232 0.06309
1078.392 0.06295
1078.552 0.06303
1078.702 0.06476
1078.862 0.06467
1079.022 0.06444
1079.182 0.06219
1079.332 0.0619
1079.492 0.06168
1079.652 0.06189
1079.812 0.0601
1079.962 0.05993
1080.122 0.0597
1080.272 0.06171
1080.432 0.06142
1080.592 0.06121
1080.752 0.06113
1080.902 0.06306
1081.062 0.06258
1081.222 0.06251
1081.382 0.06234
1081.532 0.06358
1081.692 0.06342
1081.852 0.06333
1082.012 0.06115
1082.162 0.06106
1082.322 0.06069
1082.472 0.06291
1082.632 0.0624
1082.792 0.06213
1082.952 0.06194
1083.102 0.06372
1083.262 0.06329
1083.422 0.06309
1083.582 0.06302
1083.732 0.06431
1083.892 0.06377
1084.052 0.06371
1084.212 0.06181
1084.362 0.06149
1084.522 0.06129
1084.672 0.06338
1084.832 0.06307
1084.992 0.06277
1085.152 0.06255
1085.302 0.06429
1085.462 0.06381
1085.622 0.0633
1085.782 0.06334
1085.932 0.06494
1086.092 0.06449
1086.252 0.06447
1086.412 0.06227
1086.562 0.0618
1086.722 0.06144
1086.872 0.06361
1087.032 0.06317
1087.192 0.06277
1087.352 0.06263
1087.502 0.06446
1087.662 0.06396
1087.822 0.06347
1087.982 0.06341
1088.132 0.06509
1088.292 0.06463
1088.452 0.0645
1088.612 0.06441
1088.762 0.06527
1088.922 0.06481
1089.082 0.06465
1089.242 0.06306
1089.392 0.06277
1089.552 0.06243
1089.702 0.06441
1089.862 0.06382
1090.022 0.06334
1090.182 0.06317
1090.332 0.06488
1090.492 0.06437
1090.652 0.06417
1090.812 0.06412
1090.962 0.06519
1091.122 0.06473
1091.282 0.06462
1091.442 0.06272
1091.592 0.06208
1091.752 0.06172
1091.902 0.06368
1092.062 0.06312
1092.222 0.06266
1092.382 0.06266
1092.532 0.0643
1092.692 0.06363
1092.852 0.06328
1093.012 0.06313
1093.162 0.06424
1093.322 0.06375
1093.482 0.06378
1093.642 0.06188
1093.792 0.06127
1093.952 0.06094
1094.102 0.06305
1094.262 0.06241
1094.422 0.06212
1094.582 0.06207
1094.732 0.06372
1094.892 0.0632
1095.052 0.06259
1095.212 0.06266
1095.362 0.06395
1095.522 0.06342
1095.682 0.06337
1095.842 0.06128
1095.992 0.06075
1096.152 0.06022
1096.302 0.06235
1096.462 0.06181
1096.622 0.06144
1096.782 0.06131
1096.932 0.06311
1097.092 0.06249
1097.252 0.06209
1097.412 0.06208
1097.562 0.06327
1097.722 0.06282
1097.882 0.06267
1098.042 0.06071
1098.192 0.06013
1098.352 0.05973
1098.502 0.06182
1098.662 0.06126
1098.822 0.06078
1098.982 0.06072
1099.132 0.06245
1099.292 0.0618
1099.452 0.06138
1099.612 0.0614
1099.762 0.06291
1099.922 0.06241
1100.082 0.06219
1100.242 0.06019
1100.394 0.05905
1100.554 0.05848
1100.704 0.0602
1100.864 0.05904
1101.024 0.05829
1101.184 0.05808
1101.334 0.05935
1101.494 0.05812
1101.654 0.05745
1101.814 0.05774
1101.964 0.05857
1102.124 0.05749
1102.274 0.05939
1102.434 0.06055
1102.594 0.06072
1102.754 0.05994
1102.904 0.06175
1103.064 0.06054
1103.224 0.05941
1103.384 0.05913
1103.534 0.06038
1103.694 0.059
1103.854 0.0583
1104.014 0.05842
1104.164 0.05929
1104.324 0.05802
1104.474 0.05954
1104.634 0.06067
1104.794 0.06103
1104.954 0.06042
1105.104 0.06235
1105.264 0.06107
1105.424 0.05987
1105.584 0.05939
1105.734 0.06006
1105.894 0.05885
1106.054 0.05831
1106.214 0.05848
1106.364 0.05922
1106.524 0.05799
1106.674 0.05947
1106.834 0.06075
1106.994 0.06098
1107.154 0.06022
1107.304 0.06186
1107.464 0.06063
1107.624 0.05943
1107.784 0.05898
1107.934 0.06024
1108.094 0.05889
1108.254 0.05804
1108.414 0.05822
1108.564 0.05892
1108.724 0.05765
1108.874 0.05937
1109.034 0.06065
1109.194 0.06096
1109.354 0.06011
1109.504 0.06155
1109.664 0.06011
1109.824 0.05879
1109.984 0.05819
1110.134 0.05958
1110.294 0.05824
1110.454 0.05743
1110.614 0.05734
1110.764 0.05796
1110.924 0.05657
1111.074 0.05808
1111.234 0.05917
1111.394 0.05941
1111.554 0.05852
1111.704 0.0599
1111.864 0.05858
1112.024 0.05722
1112.184 0.05658
1112.334 0.05776
1112.494 0.05643
1112.654 0.05564
1112.814 0.05564
1112.964 0.05624
1113.124 0.05477
1113.274 0.05607
1113.434 0.05734
1113.594 0.05743
1113.754 0.05738
1113.904 0.0589
1114.064 0.05768
1114.224 0.05694
1114.384 0.0567
1114.534 0.05795
1114.694 0.05682
1114.844 0.05851
1115.004 0.0599
1115.164 0.06025
1115.324 0.05951
1115.474 0.06156
1115.634 0.06042
1115.794 0.05941
1115.954 0.05912
1116.104 0.06065
1116.264 0.05959
1116.424 0.05874
1116.584 0.05877
1116.734 0.0599
1116.894 0.05875
1117.044 0.06067
1117.204 0.06223
1117.364 0.06274
1117.524 0.06195
1117.674 0.06383
1117.834 0.06287
1117.994 0.06181
1118.154 0.06127
1118.304 0.06277
1118.464 0.06155
1118.624 0.06079
1118.784 0.06079
1118.934 0.06176
1119.094 0.06121
1119.244 0.06293
1119.404 0.06438
1119.564 0.06474
1119.724 0.06389
1119.874 0.06562
1120.034 0.06457
1120.194 0.06324
1120.354 0.0628
1120.504 0.06445
1120.664 0.06316
1120.824 0.06241
1120.984 0.06251
1121.134 0.06326
1121.294 0.062
1121.444 0.06383
1121.604 0.06528
1121.764 0.06553
1121.924 0.06478
1122.074 0.0664
1122.234 0.06503
1122.394 0.06377
1122.554 0.06337
1122.704 0.06473
1122.864 0.06351
1123.024 0.0629
1123.184 0.063
1123.334 0.06381
1123.494 0.06251
1123.644 0.06429
1123.804 0.06559
1123.964 0.06598
1124.124 0.06538
1124.274 0.0671
1124.434 0.06573
1124.594 0.06457
1124.754 0.06412
1124.904 0.06524
1125.064 0.06383
1125.224 0.06312
1125.384 0.0634
1125.534 0.06405
1125.694 0.06296
1125.844 0.06442
1126.004 0.06529
1126.164 0.06533
1126.324 0.06467
1126.474 0.06627
1126.634 0.06525
1126.794 0.06396
1126.954 0.06379
1127.104 0.06467
1127.264 0.06316
1127.414 0.06494
1127.574 0.06643
1127.734 0.0671
1127.894 0.06582
1128.044 0.06759
1128.204 0.06637
1128.364 0.06506
1128.524 0.06445
1128.674 0.06601
1128.834 0.06448
1128.994 0.06348
1129.154 0.06326
1129.304 0.06403
1129.464 0.06264
1129.614 0.06426
1129.774 0.06577
1129.934 0.06631
1130.094 0.0652
1130.244 0.06697
1130.404 0.06556
1130.554 0.06647
1130.714 0.06803
1130.874 0.06942
1131.034 0.06797
1131.194 0.06708
1131.354 0.06698
1131.504 0.06775
1131.664 0.06614
1131.814 0.06753
1131.974 0.06875
1132.134 0.0692
1132.294 0.06829
1132.444 0.06988
1132.604 0.06839
1132.764 0.06684
1132.924 0.0663
1133.074 0.06763
1133.234 0.0662
1133.394 0.06532
1133.554 0.06557
1133.704 0.06623
1133.864 0.06461
1134.014 0.06614
1134.174 0.06716
1134.334 0.06734
1134.494 0.06644
1134.644 0.06799
1134.804 0.0664
1134.964 0.06495
1135.124 0.06453
1135.274 0.06575
1135.434 0.06432
1135.584 0.06576
1135.744 0.06721
1135.904 0.06769
1136.064 0.06627
1136.214 0.0679
1136.374 0.06881
1136.534 0.06891
1136.694 0.06825
1136.844 0.06972
1137.004 0.06794
1137.164 0.06669
1137.324 0.06636
1137.474 0.06734
1137.634 0.06564
1137.784 0.06717
1137.944 0.06844
1138.104 0.06895
1138.264 0.06781
1138.414 0.06946
1138.574 0.07021
1138.734 0.06991
1138.894 0.06931
1139.044 0.07052
1139.204 0.06901
1139.364 0.06801
1139.524 0.06802
1139.674 0.0688
1139.834 0.06722
1139.984 0.06847
1140.144 0.06965
1140.304 0.06996
1140.464 0.0689
1140.614 0.07044
1140.774 0.06878
1140.934 0.06727
1141.094 0.06669
1141.244 0.06782
1141.404 0.06626
1141.554 0.06741
1141.714 0.06875
1141.874 0.0693
1142.034 0.06768
1142.184 0.06905
1142.344 0.07
1142.504 0.07034
1142.664 0.06939
1142.814 0.07064
1142.974 0.06872
1143.134 0.06721
1143.294 0.06681
1143.444 0.06768
1143.604 0.0661
1143.754 0.06724
1143.914 0.06603
1144.074 0.06414
1144.234 0.06271
1144.384 0.06397
1144.544 0.06469
1144.704 0.06484
1144.864 0.06406
1145.014 0.06521
1145.174 0.06336
1145.334 0.06236
1145.494 0.06203
1145.644 0.06279
1145.804 0.06109
1145.954 0.06236
1146.114 0.06345
1146.274 0.06353
1146.434 0.06237
1146.584 0.06369
1146.744 0.06436
1146.904 0.06414
1147.064 0.06349
1147.214 0.06452
1147.374 0.06265
1147.524 0.06389
1147.684 0.06517
1147.844 0.06591
1148.004 0.06431
1148.154 0.06564
1148.314 0.06664
1148.474 0.06662
1148.634 0.06542
1148.784 0.06675
1148.944 0.06495
1149.104 0.06354
1149.264 0.06307
1149.414 0.06399
1149.574 0.06216
1149.724 0.06337
1149.884 0.06451
1150.044 0.0649
1150.204 0.06339
1150.354 0.06475
1150.514 0.06562
1150.674 0.06549
1150.834 0.06444
1150.984 0.06575
1151.144 0.06389
1151.304 0.06273
1151.464 0.06235
1151.614 0.06306
1151.774 0.06117
1151.924 0.06231
1152.084 0.06354
1152.244 0.06377
1152.404 0.06247
1152.554 0.06371
1152.714 0.06444
1152.874 0.06427
1153.034 0.06362
1153.184 0.06475
1153.344 0.06297
1153.504 0.06188
1153.664 0.06179
1153.814 0.06244
1153.974 0.06095
1154.124 0.06236
1154.284 0.0634
1154.444 0.06361
1154.604 0.06248
1154.754 0.06365
1154.914 0.06231
1155.074 0.06102
1155.234 0.06066
1155.384 0.06174
1155.544 0.06001
1155.694 0.06119
1155.854 0.0624
1156.014 0.06309
1156.174 0.06179
1156.324 0.06318
1156.484 0.06411
1156.644 0.06413
1156.804 0.06326
1156.954 0.06454
1157.114 0.06334
1157.274 0.06214
1157.434 0.06195
1157.584 0.06276
1157.744 0.06137
1157.894 0.06286
1158.054 0.06424
1158.214 0.06489
1158.374 0.06378
1158.524 0.06534
1158.684 0.0661
1158.844 0.06603
1159.004 0.06525
1159.154 0.06681
1159.314 0.06536
1159.474 0.06428
1159.634 0.06421
1159.784 0.06495
1159.944 0.06352
1160.094 0.0649
1160.254 0.06622
1160.414 0.06674
1160.574 0.06568
1160.724 0.06729
1160.884 0.0658
1161.044 0.06436
1161.204 0.06372
1161.354 0.06504
1161.514 0.0636
1161.674 0.06268
1161.834 0.06283
1161.984 0.06297
1162.144 0.06147
1162.294 0.06297
1162.454 0.06432
1162.614 0.06472
1162.774 0.06391
1162.924 0.06561
1163.084 0.06427
1163.244 0.06325
1163.404 0.06285
1163.554 0.06421
1163.714 0.06285
1163.874 0.06191
1164.034 0.06218
1164.184 0.06313
1164.344 0.062
1164.494 0.0637
1164.654 0.06506
1164.814 0.06536
1164.974 0.06464
1165.124 0.0663
1165.284 0.06527
1165.444 0.06427
1165.604 0.06413
1165.754 0.06532
1165.914 0.0641
1166.074 0.06345
1166.234 0.06348
1166.384 0.06424
1166.544 0.06322
1166.694 0.06486
1166.854 0.066
1167.014 0.06599
1167.174 0.06523
1167.324 0.06682
1167.484 0.06567
1167.644 0.0648
1167.804 0.06448
1167.954 0.06578
1168.114 0.06463
1168.274 0.06407
1168.434 0.06395
1168.584 0.06467
1168.744 0.06375
1168.894 0.06558
1169.054 0.06473
1169.214 0.06348
1169.374 0.06278
1169.524 0.06449
1169.684 0.06351
1169.844 0.06282
1170.004 0.06266
1170.154 0.06399
1170.314 0.06288
1170.474 0.06231
1170.634 0.06251
1170.784 0.06325
1170.944 0.06262
1171.094 0.06448
1171.254 0.06356
1171.414 0.06227
1171.574 0.06163
1171.724 0.06328
1171.884 0.06236
1172.044 0.06137
1172.204 0.06129
1172.354 0.06233
1172.514 0.06108
1172.674 0.06054
1172.834 0.06083
1172.984 0.06153
1173.144 0.06062
1173.294 0.06242
1173.454 0.06137
1173.614 0.06027
1173.774 0.05971
1173.924 0.06135
1174.084 0.06034
1174.244 0.05941
1174.404 0.05925
1174.554 0.06029
1174.714 0.0593
1174.874 0.05893
1175.034 0.05915
1175.184 0.05959
1175.344 0.05946
1175.494 0.06142
1175.654 0.06044
1175.814 0.05931
1175.974 0.05889
1176.124 0.06043
1176.284 0.05904
1176.444 0.05825
1176.604 0.05796
1176.754 0.05883
1176.914 0.05777
1177.064 0.05947
1177.224 0.06081
1177.384 0.06097
1177.544 0.06006
1177.694 0.06174
1177.854 0.06065
1178.014 0.0594
1178.174 0.05896
1178.324 0.06029
1178.484 0.05905
1178.644 0.05836
1178.804 0.05821
1178.954 0.05903
1179.114 0.05798
1179.264 0.05957
1179.424 0.06071
1179.584 0.06092
1179.744 0.06003
1179.894 0.06167
1180.054 0.06042
1180.214 0.05932
1180.374 0.05911
1180.524 0.06026
1180.684 0.05885
1180.844 0.05801
1181.004 0.05808
1181.154 0.05893
1181.314 0.05773
1181.464 0.05934
1181.624 0.06017
1181.784 0.06036
1181.944 0.05945
1182.094 0.06084
1182.254 0.05952
1182.414 0.05816
1182.574 0.05793
1182.724 0.05886
1182.884 0.05735
1183.034 0.05866
1183.194 0.05989
1183.354 0.0605
1183.514 0.05915
1183.664 0.06052
1183.824 0.06117
1183.984 0.06122
1184.144 0.06044
1184.294 0.06167
1184.454 0.06006
1184.614 0.05873
1184.774 0.05853
1184.924 0.0593
1185.084 0.05785
1185.234 0.05904
1185.394 0.06028
1185.554 0.06067
1185.714 0.05965
1185.864 0.06101
1186.024 0.06188
1186.184 0.06156
1186.344 0.0608
1186.494 0.06209
1186.654 0.06025
1186.804 0.06139
1186.964 0.063
1187.124 0.06373
1187.284 0.06229
1187.434 0.06366
1187.594 0.06489
1187.754 0.06507
1187.914 0.06403
1188.064 0.0654
1188.224 0.06598
1188.384 0.06577
1188.544 0.06522
1188.694 0.06626
1188.854 0.06443
1189.004 0.06555
1189.164 0.06689
1189.324 0.06749
1189.484 0.0659
1189.634 0.06716
1189.794 0.06802
1189.954 0.06807
1190.114 0.06712
1190.264 0.0682
1190.424 0.06657
1190.584 0.06526
1190.744 0.0651
1190.894 0.06587
1191.054 0.06394
1191.204 0.06503
1191.364 0.066
1191.524 0.06651
1191.684 0.06514
1191.834 0.0663
1191.994 0.06673
1192.154 0.06667
1192.314 0.06577
1192.464 0.0669
1192.624 0.06523
1192.784 0.06406
1192.944 0.06402
1193.094 0.06463
1193.254 0.06298
1193.404 0.06436
1193.564 0.06528
1193.724 0.06548
1193.884 0.06458
1194.034 0.06582
1194.194 0.06634
1194.354 0.06615
1194.514 0.06532
1194.664 0.06633
1194.824 0.06457
1194.974 0.06584
1195.134 0.06701
1195.294 0.06753
1195.454 0.06594
1195.604 0.06719
1195.764 0.06818
1195.924 0.06826
1196.084 0.06737
1196.234 0.06836
1196.394 0.06683
1196.554 0.06537
1196.714 0.06501
1196.864 0.06586
1197.024 0.06405
1197.174 0.06524
1197.334 0.0663
1197.494 0.06671
1197.654 0.06531
1197.804 0.06661
1197.964 0.06733
1198.124 0.0673
1198.284 0.06647
1198.434 0.06754
1198.594 0.06586
1198.744 0.06689
1198.904 0.06793
1199.064 0.06846
1199.224 0.06679
1199.374 0.06803
1199.534 0.06926
1199.694 0.06953
1199.854 0.06835
1200.004 0.0698
1200.164 0.06804
1200.324 0.06634
1200.484 0.06559
1200.634 0.0665
1200.794 0.06458
1200.944 0.06554
1201.104 0.06673
1201.264 0.06694
1201.424 0.06529
1201.574 0.06589
1201.734 0.06667
1201.894 0.06654
1202.054 0.06547
1202.204 0.06647
1202.364 0.06459
1202.524 0.06325
1202.684 0.06274
1202.834 0.06355
1202.994 0.06192
1203.144 0.06302
1203.304 0.06403
1203.464 0.06425
1203.624 0.06285
1203.774 0.06395
1203.934 0.06461
1204.094 0.06436
1204.254 0.06363
1204.404 0.06458
1204.564 0.06271
1204.714 0.06362
1204.874 0.06449
1205.034 0.06516
1205.194 0.06356
1205.344 0.06467
1205.504 0.06553
1205.664 0.06574
1205.824 0.06463
1205.974 0.06579
1206.134 0.06616
1206.294 0.06592
1206.454 0.0655
1206.604 0.06611
1206.764 0.06409
1206.914 0.06513
1207.074 0.06611
1207.234 0.06625
1207.394 0.0648
1207.544 0.06574
1207.704 0.06639
1207.864 0.06639
1208.024 0.06539
1208.174 0.06634
1208.334 0.06417
1208.484 0.065
1208.644 0.06591
1208.804 0.0664
1208.964 0.06447
1209.114 0.06538
1209.274 0.06624
1209.434 0.06621
1209.594 0.06507
1209.744 0.06578
1209.904 0.06594
1210.064 0.06581
1210.224 0.06503
1210.374 0.06573
1210.534 0.06367
1210.684 0.06438
1210.844 0.06506
1211.004 0.06529
1211.164 0.06348
1211.314 0.06433
1211.474 0.06485
1211.634 0.06501
1211.794 0.06378
1211.944 0.06441
1212.104 0.06232
1212.254 0.06309
1212.414 0.06398
1212.574 0.06428
1212.734 0.06234
1212.884 0.06303
1213.044 0.06366
1213.204 0.06367
1213.364 0.06202
1213.514 0.06288
1213.674 0.06305
1213.834 0.06317
1213.994 0.06223
1214.144 0.06287
1214.304 0.06086
1214.454 0.0615
1214.614 0.0624
1214.774 0.0626
1214.934 0.06131
1215.084 0.0621
1215.244 0.06297
1215.404 0.06303
1215.564 0.06179
1215.714 0.06265
1215.874 0.06267
1216.034 0.06272
1216.194 0.0622
1216.344 0.06285
1216.504 0.06081
1216.654 0.06152
1216.814 0.06231
1216.974 0.06249
1217.134 0.06086
1217.284 0.06184
1217.444 0.06249
1217.604 0.06256
1217.764 0.0616
1217.914 0.06243
1218.074 0.06055
1218.224 0.06139
1218.384 0.06223
1218.544 0.06293
1218.704 0.06115
1218.854 0.06228
1219.014 0.06293
1219.174 0.06281
1219.334 0.06132
1219.484 0.06242
1219.644 0.06291
1219.804 0.06277
1219.964 0.06197
1220.114 0.0628
1220.274 0.06099
1220.424 0.06191
1220.584 0.06297
1220.744 0.06334
1220.904 0.06189
1221.054 0.06289
1221.214 0.0637
1221.374 0.06378
1221.534 0.06266
1221.684 0.06391
1221.844 0.062
1222.004 0.0606
1222.164 0.06021
1222.314 0.06103
1222.474 0.05928
1222.624 0.06037
1222.784 0.06139
1222.944 0.06148
1223.104 0.06025
1223.254 0.06169
1223.414 0.06233
1223.574 0.06225
1223.734 0.06161
1223.884 0.06278
1224.044 0.06096
1224.194 0.06228
1224.354 0.06361
1224.514 0.06423
1224.674 0.06263
1224.824 0.06398
1224.984 0.06486
1225.144 0.06487
1225.304 0.0639
1225.454 0.06525
1225.614 0.06366
1225.774 0.06235
1225.934 0.06204
1226.084 0.06282
1226.244 0.06097
1226.394 0.06253
1226.554 0.06378
1226.714 0.06423
1226.874 0.06294
1227.024 0.06434
1227.184 0.06506
1227.344 0.0649
1227.504 0.06413
1227.654 0.06537
1227.814 0.06379
1227.974 0.06276
1228.134 0.06249
1228.284 0.06319
1228.444 0.06151
1228.594 0.06287
1228.754 0.06408
1228.914 0.06448
1229.074 0.06354
1229.224 0.06494
1229.384 0.06529
1229.544 0.06504
1229.704 0.06439
1229.854 0.06567
1230.014 0.06411
1230.164 0.06527
1230.324 0.06669
1230.484 0.06738
1230.644 0.06573
1230.794 0.06713
1230.954 0.06813
1231.114 0.0683
1231.274 0.06746
1231.424 0.0687
1231.584 0.06717
1231.744 0.06577
1231.904 0.06515
1232.054 0.06614
1232.214 0.06423
1232.364 0.0655
1232.524 0.06682
1232.684 0.06732
1232.844 0.06587
1232.994 0.06728
1233.154 0.06816
1233.314 0.06825
1233.474 0.06752
1233.624 0.06877
1233.784 0.06697
1233.944 0.06574
1234.104 0.06528
1234.254 0.06602
1234.414 0.0643
1234.564 0.0657
1234.724 0.06675
1234.884 0.06705
1235.044 0.06565
1235.194 0.06711
1235.354 0.06777
1235.514 0.06765
1235.674 0.06682
1235.824 0.06792
1235.984 0.06626
1236.144 0.0653
1236.304 0.06535
1236.454 0.0658
1236.614 0.06422
1236.764 0.06553
1236.924 0.06662
1237.084 0.06688
1237.244 0.06572
1237.394 0.06699
1237.554 0.06502
1237.714 0.06346
1237.874 0.06298
1238.024 0.06406
1238.184 0.06238
1238.334 0.06353
1238.494 0.06486
1238.654 0.06526
1238.814 0.06371
1238.964 0.0649
1239.124 0.0656
1239.284 0.06578
1239.444 0.06485
1239.594 0.06616
1239.754 0.06402
1239.914 0.06263
1240.074 0.06259
1240.224 0.06356
1240.384 0.06193
1240.534 0.06338
1240.694 0.06466
1240.854 0.06499
1241.014 0.06368
1241.164 0.06503
1241.324 0.06558
1241.484 0.06556
1241.644 0.06481
1241.794 0.06606
1241.954 0.06413
1242.104 0.06506
1242.264 0.066
1242.424 0.06642
1242.584 0.06472
1242.734 0.06619
1242.894 0.06725
1243.054 0.06746
1243.214 0.0662
1243.364 0.0675
1243.524 0.06578
1243.684 0.06424
1243.844 0.06371
1243.994 0.06485
1244.154 0.06307
1244.304 0.06407
1244.464 0.06525
1244.624 0.06549
1244.784 0.06402
1244.934 0.06522
1245.094 0.06598
1245.254 0.0661
1245.414 0.06517
1245.564 0.06643
1245.724 0.06457
1245.884 0.06324
1246.044 0.06294
1246.194 0.06371
1246.354 0.06186
1246.504 0.06297
1246.664 0.06402
1246.824 0.06407
1246.984 0.06264
1247.134 0.06395
1247.294 0.06425
1247.454 0.06418
1247.614 0.06342
1247.764 0.06446
1247.924 0.06236
1248.074 0.06343
1248.234 0.0645
1248.394 0.06503
1248.554 0.06327
1248.704 0.06439
1248.864 0.06508
1249.024 0.06509
1249.184 0.06387
1249.334 0.06485
1249.494 0.06517
1249.654 0.06503
1249.814 0.06447
1249.964 0.06517
1250.124 0.06332
1250.274 0.06427
1250.434 0.06513
1250.594 0.06549
1250.754 0.06411
1250.904 0.06526
1251.064 0.06594
1251.224 0.06574
1251.384 0.06472
1251.534 0.06566
1251.694 0.06359
1251.844 0.06451
1252.004 0.06549
1252.164 0.06617
1252.324 0.06433
1252.474 0.06535
1252.634 0.06602
1252.794 0.06601
1252.954 0.06487
1253.104 0.06604
1253.264 0.06658
1253.424 0.06613
1253.584 0.06525
1253.734 0.06601
1253.894 0.06368
1254.044 0.06448
1254.204 0.06531
1254.364 0.0657
1254.524 0.06395
1254.674 0.06499
1254.834 0.06571
1254.994 0.06584
1255.154 0.06462
1255.304 0.06552
1255.464 0.06362
1255.614 0.06457
1255.774 0.06558
1255.934 0.06603
1256.094 0.06401
1256.244 0.06485
1256.404 0.06546
1256.564 0.0656
1256.724 0.06419
1256.874 0.06508
1257.034 0.06541
1257.194 0.06529
1257.354 0.06416
1257.504 0.06474
1257.664 0.06264
1257.814 0.0635
1257.974 0.06433
1258.134 0.06467
1258.294 0.06284
1258.444 0.06374
1258.604 0.0643
1258.764 0.06427
1258.924 0.06297
1259.074 0.06379
1259.234 0.06408
1259.384 0.06616
1259.544 0.06694
1259.704 0.06758
1259.864 0.06559
1260.014 0.06649
1260.174 0.06726
1260.334 0.06743
1260.494 0.06571
1260.644 0.06668
1260.804 0.06708
1260.964 0.06708
1261.124 0.06606
1261.274 0.06691
1261.434 0.06483
1261.584 0.06549
1261.744 0.06634
1261.904 0.06678
1262.064 0.06511
1262.214 0.06627
1262.374 0.06711
1262.534 0.06722
1262.694 0.06585
1262.844 0.0667
1263.004 0.06685
1263.164 0.067
1263.324 0.06652
1263.474 0.06703
1263.634 0.06508
1263.784 0.06572
1263.944 0.06638
1264.104 0.06658
1264.264 0.06493
1264.414 0.06565
1264.574 0.06634
1264.734 0.06632
1264.894 0.06516
1265.044 0.06595
1265.204 0.06375
1265.354 0.06456
1265.514 0.06534
1265.674 0.06591
1265.834 0.06396
1265.984 0.06477
1266.144 0.06548
1266.304 0.06531
1266.464 0.06387
1266.614 0.06469
1266.774 0.06516
1266.934 0.06521
1267.094 0.06437
1267.244 0.06504
1267.404 0.06295
1267.554 0.06377
1267.714 0.06458
1267.874 0.06491
1268.034 0.06323
1268.184 0.06396
1268.344 0.06443
1268.504 0.06448
1268.664 0.06329
1268.814 0.06415
1268.974 0.06227
1269.124 0.0628
1269.284 0.06392
1269.444 0.06436
1269.604 0.06254
1269.754 0.06355
1269.914 0.06446
1270.074 0.06441
1270.234 0.06312
1270.384 0.06398
1270.544 0.06428
1270.704 0.06451
1270.864 0.0637
1271.014 0.06448
1271.174 0.06225
1271.324 0.06314
1271.484 0.06398
1271.644 0.06409
1271.804 0.06246
1271.954 0.06346
1272.114 0.06416
1272.274 0.06416
1272.434 0.06311
1272.584 0.06386
1272.744 0.06177
1272.894 0.06249
1273.054 0.06321
1273.214 0.06384
1273.374 0.06181
1273.524 0.06284
1273.684 0.06355
1273.844 0.06364
1274.004 0.06232
1274.154 0.06355
1274.314 0.06389
1274.474 0.0641
1274.634 0.06313
1274.784 0.06375
1274.944 0.0619
1275.094 0.06275
1275.254 0.0636
1275.414 0.0638
1275.574 0.06207
1275.724 0.06276
1275.884 0.06327
1276.044 0.06344
1276.204 0.06221
1276.354 0.06318
1276.514 0.06314
1276.664 0.06526
1276.824 0.06615
1276.984 0.06651
1277.144 0.06465
1277.294 0.06539
1277.454 0.06601
1277.614 0.06605
1277.774 0.06474
1277.924 0.06556
1278.084 0.06589
1278.244 0.06594
1278.404 0.06506
1278.554 0.0657
1278.714 0.06341
1278.864 0.06416
1279.024 0.06489
1279.184 0.06529
1279.344 0.06367
1279.494 0.06459
1279.654 0.06534
1279.814 0.0654
1279.974 0.06436
1280.124 0.06503
1280.284 0.06515
1280.434 0.06728
1280.594 0.06808
1280.754 0.06867
1280.914 0.06675
1281.064 0.0673
1281.224 0.06801
1281.384 0.06824
1281.544 0.06689
1281.694 0.06771
1281.854 0.06803
1282.014 0.06815
1282.174 0.06707
1282.324 0.06756
1282.484 0.06552
1282.634 0.06615
1282.794 0.06689
1282.954 0.06709
1283.114 0.06528
1283.264 0.06596
1283.424 0.0666
1283.584 0.06657
1283.744 0.0654
1283.894 0.06609
1284.054 0.06606
1284.204 0.0684
1284.364 0.06926
1284.524 0.06996
1284.684 0.06783
1284.841 0.06677
1285.001 0.06664
1285.151 0.06746
1285.311 0.06597
1285.461 0.06735
1285.621 0.06873
1285.781 0.06912
1285.941 0.06816
1286.091 0.06983
1286.251 0.06846
1286.411 0.06703
1286.571 0.06648
1286.721 0.06783
1286.881 0.06611
1287.041 0.06524
1287.201 0.06537
1287.351 0.06602
1287.511 0.06452
1287.661 0.06635
1287.821 0.06737
1287.981 0.06747
1288.141 0.06692
1288.291 0.06838
1288.451 0.06674
1288.611 0.06539
1288.771 0.06512
1288.921 0.06613
1289.081 0.06525
1289.231 0.06695
1289.391 0.06816
1289.551 0.06871
1289.711 0.06745
1289.861 0.06923
1290.021 0.06777
1290.181 0.06618
1290.341 0.0658
1290.491 0.06737
1290.651 0.06604
1290.811 0.06529
1290.971 0.06532
1291.121 0.06593
1291.281 0.06453
1291.431 0.06636
1291.591 0.0675
1291.751 0.06782
1291.911 0.06705
1292.061 0.0687
1292.221 0.06701
1292.381 0.06589
1292.541 0.06549
1292.691 0.06664
1292.851 0.06524
1293.001 0.06676
1293.161 0.0681
1293.321 0.06825
1293.481 0.06714
1293.631 0.06881
1293.791 0.06783
1293.951 0.06648
1294.111 0.06609
1294.261 0.06708
1294.421 0.0657
1294.581 0.06483
1294.741 0.06452
1294.891 0.06529
1295.051 0.0639
1295.201 0.06532
1295.361 0.06636
1295.521 0.06653
1295.681 0.06571
1295.831 0.06722
1295.991 0.06569
1296.151 0.06458
1296.311 0.0643
1296.461 0.06513
1296.621 0.06359
1296.771 0.06511
1296.931 0.0665
1297.091 0.06708
1297.251 0.06601
1297.401 0.06788
1297.561 0.06636
1297.721 0.06475
1297.881 0.06412
1298.031 0.06559
1298.191 0.06597
1298.351 0.06613
1298.511 0.0652
1298.661 0.06577
1298.821 0.06363
1298.971 0.06439
1299.131 0.06513
1299.291 0.06534
1299.451 0.06379
1299.601 0.06468
1299.761 0.06531
1299.921 0.06531
1300.081 0.06393
1300.231 0.06482
1300.391 0.06481
1300.541 0.06694
1300.701 0.06774
1300.861 0.06819
1301.021 0.06604
1301.171 0.06696
1301.331 0.06792
1301.491 0.06767
1301.651 0.0664
1301.801 0.06737
1301.961 0.06775
1302.121 0.06784
1302.281 0.06671
1302.431 0.06703
1302.591 0.06469
1302.741 0.06558
1302.901 0.06632
1303.061 0.06678
1303.221 0.06488
1303.371 0.0659
1303.531 0.06666
1303.691 0.06655
1303.851 0.06514
1304.001 0.06598
1304.161 0.06622
1304.321 0.06625
1304.481 0.06571
1304.631 0.06637
1304.791 0.06422
1304.941 0.06508
1305.101 0.06597
1305.261 0.0663
1305.421 0.06469
1305.571 0.06577
1305.731 0.06622
1305.891 0.06625
1306.051 0.06507
1306.201 0.0659
1306.361 0.06387
1306.511 0.06464
1306.671 0.06572
1306.831 0.06626
1306.991 0.06443
1307.141 0.06519
1307.301 0.06608
1307.461 0.06607
1307.621 0.065
1307.771 0.0659
1307.931 0.06608
1308.091 0.0662
1308.251 0.0653
1308.401 0.06623
1308.561 0.06453
1308.711 0.06555
1308.871 0.06673
1309.031 0.06701
1309.191 0.06553
1309.341 0.06661
1309.501 0.06732
1309.661 0.06725
1309.821 0.06633
1309.971 0.06737
1310.131 0.06544
1310.291 0.06424
1310.451 0.06369
1310.601 0.06455
1310.761 0.0627
1310.911 0.06384
1311.071 0.06505
1311.231 0.06528
1311.391 0.06391
1311.541 0.0653
1311.701 0.06585
1311.861 0.06597
1312.021 0.06518
1312.171 0.06639
1312.331 0.06452
1312.491 0.0634
1312.651 0.06323
1312.801 0.06384
1312.961 0.06214
1313.111 0.06351
1313.271 0.06463
1313.431 0.06499
1313.591 0.06381
1313.741 0.06554
1313.901 0.06406
1314.061 0.06261
1314.221 0.062
1314.371 0.06322
1314.531 0.06144
1314.691 0.06051
1314.851 0.06065
1315.001 0.06124
1315.161 0.05988
1315.311 0.06161
1315.471 0.06274
1315.631 0.06312
1315.791 0.06213
1315.941 0.06397
1316.101 0.06262
1316.261 0.06144
1316.421 0.06104
1316.571 0.06236
1316.731 0.06079
1316.891 0.06028
1317.051 0.06029
1317.201 0.06109
1317.361 0.05994
1317.511 0.06179
1317.671 0.06286
1317.831 0.06292
1317.991 0.06226
1318.141 0.06401
1318.301 0.06291
1318.461 0.06175
1318.621 0.0615
1318.771 0.06279
1318.931 0.06153
1319.091 0.06112
1319.251 0.0612
1319.401 0.06211
1319.561 0.06112
1319.711 0.06286
1319.871 0.06193
1320.031 0.06071
1320.191 0.06016
1320.341 0.06177
1320.501 0.06073
1320.661 0.05991
1320.821 0.05977
1320.971 0.06095
1321.131 0.06009
1321.291 0.05971
1321.451 0.05976
1321.601 0.06076
1321.761 0.05999
1321.911 0.06186
1322.071 0.06106
1322.231 0.06004
1322.391 0.05971
1322.541 0.06132
1322.701 0.06066
1322.861 0.05998
1323.021 0.06011
1323.171 0.06142
1323.331 0.06049
1323.491 0.06023
1323.651 0.06021
1323.801 0.06098
1323.961 0.06014
1324.111 0.06189
1324.271 0.06114
1324.431 0.06027
1324.591 0.06009
1324.741 0.06179
1324.901 0.06091
1325.061 0.06018
1325.221 0.06039
1325.371 0.06163
1325.531 0.06084
1325.691 0.06076
1325.851 0.06063
1326.001 0.06131
1326.161 0.06039
1326.311 0.06239
1326.471 0.06155
1326.631 0.06061
1326.791 0.06029
1326.941 0.06199
1327.101 0.06094
1327.261 0.0601
1327.421 0.06005
1327.571 0.06128
1327.731 0.06039
1327.891 0.0601
1328.051 0.06019
1328.201 0.06074
1328.361 0.05974
1328.511 0.06169
1328.671 0.06078
1328.831 0.05991
1328.991 0.05954
1329.141 0.06123
1329.301 0.06012
1329.461 0.05922
1329.621 0.05915
1329.771 0.06029
1329.931 0.05925
1330.091 0.059
1330.251 0.05904
1330.401 0.05982
1330.561 0.05893
1330.711 0.06078
1330.871 0.05966
1331.031 0.05875
1331.191 0.05851
1331.341 0.06023
1331.501 0.05902
1331.661 0.05816
1331.821 0.05821
1331.971 0.05927
1332.131 0.05843
1332.291 0.05837
1332.451 0.05817
1332.601 0.0587
1332.761 0.05798
1332.911 0.05994
1333.071 0.05912
1333.231 0.0581
1333.391 0.05779
1333.541 0.05942
1333.701 0.05829
1333.861 0.05756
1334.021 0.05738
1334.171 0.05838
1334.331 0.05743
1334.481 0.05906
1334.641 0.06057
1334.801 0.06103
1334.961 0.06004
1335.111 0.06186
1335.271 0.06104
1335.431 0.06004
1335.591 0.0596
1335.741 0.06131
1335.901 0.06011
1336.061 0.05919
1336.221 0.0591
1336.371 0.06024
1336.531 0.05926
1336.691 0.05909
1336.851 0.05907
1337.001 0.05944
1337.161 0.05865
1337.311 0.06057
1337.471 0.05985
1337.631 0.05896
1337.791 0.05861
1337.941 0.06014
1338.101 0.05903
1338.261 0.05817
1338.421 0.05814
1338.571 0.0589
1338.731 0.05791
1338.891 0.05764
1339.051 0.05765
1339.201 0.05827
1339.361 0.05743
1339.511 0.05924
1339.671 0.05828
1339.831 0.0574
1339.991 0.05738
1340.141 0.059
1340.301 0.05788
1340.461 0.05714
1340.621 0.05721
1340.771 0.0583
1340.931 0.05736
1341.081 0.05929
1341.241 0.06096
1341.401 0.06121
1341.561 0.06048
1341.711 0.06261
1341.871 0.06169
1342.031 0.06063
1342.191 0.06054
1342.341 0.062
1342.501 0.06098
1342.661 0.06039
1342.821 0.06034
1342.971 0.06138
1343.131 0.06015
1343.281 0.06195
1343.441 0.06328
1343.601 0.06353
1343.761 0.06276
1343.911 0.06458
1344.071 0.06347
1344.231 0.06257
1344.391 0.06241
1344.541 0.06391
1344.701 0.06275
1344.861 0.06214
1345.021 0.06209
1345.171 0.06285
1345.331 0.06202
1345.481 0.06376
1345.641 0.06506
1345.801 0.06556
1345.961 0.06491
1346.111 0.06647
1346.271 0.06542
1346.431 0.06422
1346.591 0.06406
1346.741 0.06551
1346.901 0.06444
1347.061 0.06391
1347.221 0.06383
1347.371 0.06475
1347.531 0.06368
1347.681 0.06556
1347.841 0.06479
1348.001 0.06391
1348.161 0.06331
1348.311 0.06505
1348.471 0.06375
1348.631 0.06272
1348.791 0.06235
1348.941 0.06376
1349.101 0.06263
1349.261 0.06203
1349.421 0.06194
1349.571 0.06277
1349.731 0.06158
1349.881 0.06329
1350.041 0.06443
1350.201 0.06488
1350.361 0.06428
1350.511 0.06586
1350.671 0.06476
1350.831 0.0635
1350.991 0.06317
1351.141 0.06438
1351.301 0.06331
1351.461 0.06263
1351.621 0.06258
1351.771 0.06327
1351.931 0.06219
1352.081 0.0638
1352.241 0.06503
1352.401 0.0653
1352.561 0.06483
1352.711 0.06629
1352.871 0.06519
1353.031 0.06408
1353.191 0.06383
1353.341 0.06481
1353.501 0.06349
1353.661 0.063
1353.821 0.06312
1353.971 0.06364
1354.131 0.0625
1354.281 0.06417
1354.441 0.06302
1354.601 0.06154
1354.761 0.06116
1354.911 0.06263
1355.071 0.06123
1355.231 0.06013
1355.391 0.06019
1355.541 0.061
1355.701 0.05983
1355.851 0.06142
1356.011 0.06272
1356.171 0.06333
1356.331 0.06238
1356.481 0.06421
1356.641 0.0631
1356.801 0.06191
1356.961 0.06148
1357.111 0.0629
1357.271 0.06158
1357.431 0.06069
1357.591 0.06044
1357.741 0.06127
1357.901 0.05976
1358.051 0.06121
1358.211 0.06261
1358.371 0.06301
1358.531 0.06217
1358.681 0.06347
1358.841 0.06232
1359.001 0.06073
1359.161 0.0605
1359.311 0.0619
1359.471 0.06068
1359.631 0.05975
1359.791 0.05982
1359.941 0.06046
1360.101 0.0591
1360.251 0.06067
1360.411 0.06194
1360.571 0.06232
1360.731 0.06149
1360.881 0.06322
1361.041 0.06182
1361.201 0.06057
1361.361 0.06014
1361.511 0.06137
1361.671 0.06003
1361.831 0.0593
1361.991 0.05993
1362.141 0.06048
1362.301 0.05908
1362.451 0.06052
1362.611 0.0617
1362.771 0.06207
1362.931 0.06124
1363.081 0.06256
1363.241 0.06113
1363.401 0.05982
1363.561 0.05951
1363.711 0.06049
1363.871 0.05909
1364.021 0.06034
1364.181 0.06176
1364.341 0.0622
1364.501 0.06099
1364.651 0.06224
1364.811 0.06326
1364.971 0.06337
1365.131 0.06291
1365.281 0.06417
1365.441 0.06275
1365.601 0.06139
1365.761 0.061
1365.911 0.06185
1366.071 0.06057
1366.221 0.06176
1366.381 0.06305
1366.541 0.06336
1366.701 0.06214
1366.851 0.06354
1367.011 0.06418
1367.171 0.06411
1367.331 0.06356
1367.481 0.06466
1367.641 0.06312
1367.801 0.06208
1367.961 0.06204
1368.111 0.0627
1368.271 0.06125
1368.421 0.06242
1368.581 0.06344
1368.741 0.06352
1368.901 0.06241
1369.051 0.06378
1369.211 0.06216
1369.371 0.06095
1369.531 0.06043
1369.681 0.0614
1369.841 0.05989
1369.991 0.06115
1370.151 0.06254
1370.311 0.06304
1370.471 0.06169
1370.621 0.06303
1370.781 0.06409
1370.941 0.06432
1371.101 0.06349
1371.251 0.06505
1371.411 0.06348
1371.571 0.06211
1371.731 0.06174
1371.881 0.06272
1372.041 0.06136
1372.191 0.06234
1372.351 0.06386
1372.511 0.06412
1372.671 0.0628
1372.821 0.06414
1372.981 0.06509
1373.141 0.06522
1373.301 0.06459
1373.451 0.06585
1373.611 0.06411
1373.771 0.06285
1373.931 0.06246
1374.081 0.0633
1374.241 0.06178
1374.391 0.06297
1374.551 0.06429
1374.711 0.06442
1374.871 0.06318
1375.021 0.06452
1375.181 0.06538
1375.341 0.06478
1375.501 0.06427
1375.651 0.06553
1375.811 0.06394
1375.971 0.06284
1376.131 0.06252
1376.281 0.06331
1376.441 0.0621
1376.591 0.06345
1376.751 0.06466
1376.911 0.06484
1377.071 0.06386
1377.221 0.06519
1377.381 0.06389
1377.541 0.06255
1377.701 0.06215
1377.851 0.0632
1378.011 0.06159
1378.171 0.0606
1378.331 0.06071
1378.481 0.06127
1378.641 0.06015
1378.791 0.0615
1378.951 0.06247
1379.111 0.06253
1379.271 0.06157
1379.421 0.06293
1379.581 0.06167
1379.741 0.0604
1379.901 0.06013
1380.051 0.06111
1380.211 0.05956
1380.361 0.061
1380.521 0.06232
1380.681 0.0629
1380.841 0.06186
1380.991 0.06325
1381.151 0.06408
1381.311 0.06391
1381.471 0.06321
1381.621 0.06456
1381.781 0.06325
1381.941 0.0622
1382.101 0.0621
1382.251 0.0628
1382.411 0.06133
1382.561 0.06291
1382.721 0.06404
1382.881 0.06444
1383.041 0.0634
1383.191 0.06471
1383.351 0.06329
1383.511 0.06169
1383.671 0.06111
1383.821 0.06234
1383.981 0.0609
1384.141 0.05989
1384.301 0.0598
1384.451 0.06021
1384.611 0.05865
1384.761 0.06008
1384.921 0.06124
1385.081 0.06136
1385.241 0.06041
1385.391 0.06163
1385.551 0.06001
1385.711 0.05857
1385.871 0.05829
1386.021 0.05925
1386.181 0.0576
1386.331 0.05868
1386.491 0.05977
1386.651 0.06002
1386.811 0.05868
1386.961 0.06012
1387.121 0.06104
1387.281 0.06109
1387.441 0.06023
1387.591 0.06116
1387.751 0.05963
1387.911 0.05832
1388.071 0.05807
1388.221 0.0589
1388.381 0.05717
1388.531 0.0581
1388.691 0.05919
1388.851 0.05939
1389.011 0.05813
1389.161 0.05919
1389.321 0.05981
1389.481 0.05968
1389.641 0.05888
1389.791 0.05963
1389.951 0.05792
1390.101 0.05882
1390.261 0.05988
1390.421 0.06033
1390.581 0.05888
1390.731 0.0597
1390.891 0.06053
1391.051 0.06062
1391.211 0.05958
1391.361 0.06073
1391.521 0.06105
1391.681 0.06077
1391.841 0.05998
1391.991 0.06054
1392.151 0.05885
1392.301 0.05987
1392.461 0.06085
1392.621 0.06114
1392.781 0.0596
1392.931 0.06035
1393.091 0.06076
1393.251 0.06069
1393.411 0.05993
1393.561 0.06079
1393.721 0.05883
1393.871 0.05939
1394.031 0.06023
1394.191 0.06057
1394.351 0.05881
1394.501 0.0596
1394.661 0.0604
1394.821 0.0604
1394.981 0.05912
1395.131 0.05975
1395.291 0.0601
1395.451 0.05996
1395.611 0.0594
1395.761 0.06001
1395.921 0.05787
1396.071 0.05856
1396.231 0.05932
1396.391 0.05968
1396.551 0.05814
1396.701 0.05899
1396.861 0.05958
1397.021 0.05953
1397.181 0.05831
1397.331 0.05899
1397.491 0.05928
1397.641 0.06108
1397.801 0.06203
1397.961 0.06237
1398.121 0.06043
1398.271 0.06098
1398.431 0.06185
1398.591 0.06202
1398.751 0.06055
1398.901 0.06145
1399.061 0.06171
1399.221 0.06161
1399.381 0.06067
1399.531 0.06125
1399.691 0.05929
1399.841 0.05994
1400.001 0.06074
1400.161 0.061
1400.321 0.05928
1400.471 0.05985
1400.631 0.06043
1400.791 0.0606
1400.951 0.05951
1401.101 0.06022
1401.261 0.06024
1401.411 0.06241
1401.571 0.06315
1401.731 0.0637
1401.891 0.06193
1402.041 0.06252
1402.201 0.063
1402.361 0.06304
1402.521 0.06164
1402.671 0.06231
1402.831 0.06281
1402.991 0.06288
1403.151 0.06219
1403.301 0.06266
1403.461 0.06058
1403.611 0.06114
1403.771 0.0618
1403.931 0.06198
1404.091 0.06051
1404.241 0.06108
1404.401 0.06143
1404.561 0.06139
1404.721 0.06008
1404.871 0.06088
1405.031 0.06126
1405.181 0.06337
1405.341 0.06408
1405.501 0.0644
1405.661 0.0624
1405.811 0.0631
1405.971 0.06383
1406.131 0.06412
1406.291 0.06269
1406.441 0.06342
1406.601 0.06374
1406.761 0.06352
1406.921 0.06269
1407.071 0.06342
1407.231 0.06163
1407.381 0.06208
1407.541 0.06283
1407.701 0.06308
1407.861 0.06134
1408.011 0.06206
1408.171 0.06272
1408.331 0.0627
1408.491 0.06161
1408.641 0.062
1408.801 0.06228
1408.951 0.06403
1409.111 0.06458
1409.271 0.06515
1409.431 0.06324
1409.581 0.06361
1409.741 0.06405
1409.901 0.06415
1410.061 0.06256
1410.211 0.06336
1410.371 0.06392
1410.531 0.06394
1410.691 0.0629
1410.841 0.06317
1411.001 0.06125
1411.151 0.06159
1411.311 0.06228
1411.471 0.06255
1411.631 0.06079
1411.781 0.06128
1411.941 0.0615
1412.101 0.06158
1412.261 0.06041
1412.411 0.06111
1412.571 0.06117
1412.721 0.0631
1412.881 0.06364
1413.041 0.06377
1413.201 0.06186
1413.351 0.06253
1413.511 0.06313
1413.671 0.06308
1413.831 0.06166
1413.981 0.06208
1414.141 0.06202
1414.301 0.06208
1414.461 0.06134
1414.611 0.06192
1414.771 0.05965
1414.921 0.05977
1415.081 0.06019
1415.241 0.06028
1415.401 0.05853
1415.551 0.05926
1415.711 0.05984
1415.871 0.05983
1416.031 0.05864
1416.181 0.05899
1416.341 0.05916
1416.491 0.06091
1416.651 0.06148
1416.811 0.06197
1416.971 0.06001
1417.121 0.06053
1417.281 0.06104
1417.441 0.06104
1417.601 0.05963
1417.751 0.06032
1417.911 0.06074
1418.061 0.06295
1418.221 0.06332
1418.381 0.06356
1418.541 0.06156
1418.691 0.06194
1418.851 0.0626
1419.011 0.06289
1419.171 0.06104
1419.321 0.06128
1419.481 0.0615
1419.641 0.06151
1419.801 0.06037
1419.951 0.06087
1420.111 0.06091
1420.261 0.0626
1420.421 0.0631
1420.581 0.06328
1420.741 0.06147
1420.891 0.06206
1421.051 0.06266
1421.211 0.06265
1421.371 0.06109
1421.521 0.0614
1421.681 0.06175
1421.841 0.0617
1422.001 0.06117
1422.151 0.06164
1422.311 0.05983
1422.461 0.06038
1422.621 0.06085
1422.781 0.06089
1422.941 0.05931
1423.091 0.05989
1423.251 0.0603
1423.411 0.06024
1423.571 0.05886
1423.721 0.0593
1423.881 0.05946
1424.031 0.06148
1424.191 0.06237
1424.351 0.06279
1424.511 0.0612
1424.661 0.06192
1424.821 0.06263
1424.981 0.06279
1425.141 0.06122
1425.291 0.0621
1425.451 0.06237
1425.611 0.06235
1425.771 0.06146
1425.921 0.06201
1426.081 0.06013
1426.231 0.06082
1426.391 0.06169
1426.551 0.06187
1426.711 0.06014
1426.861 0.06085
1427.021 0.06148
1427.181 0.06141
1427.341 0.06032
1427.491 0.06123
1427.651 0.06135
1427.801 0.0631
1427.961 0.06388
1428.121 0.06447
1428.281 0.06286
1428.431 0.06372
1428.591 0.06462
1428.751 0.06459
1428.911 0.06325
1429.061 0.06406
1429.221 0.06459
1429.381 0.06456
1429.541 0.06374
1429.691 0.06431
1429.851 0.06231
1430.001 0.06308
1430.161 0.06391
1430.321 0.06428
1430.481 0.06263
1430.631 0.06342
1430.791 0.06397
1430.951 0.06392
1431.111 0.06271
1431.261 0.06342
1431.421 0.06161
1431.581 0.06007
1431.741 0.05961
1431.891 0.06013
1432.051 0.05835
1432.201 0.05917
1432.361 0.06005
1432.521 0.06034
1432.681 0.05923
1432.831 0.05931
1432.991 0.05978
1433.151 0.05969
1433.311 0.05897
1433.461 0.05991
1433.621 0.05813
1433.771 0.05876
1433.931 0.05997
1434.091 0.06011
1434.251 0.0584
1434.401 0.05917
1434.561 0.06006
1434.721 0.06006
1434.881 0.05918
1435.031 0.05981
1435.191 0.06003
1435.351 0.05989
1435.511 0.05915
1435.661 0.05969
1435.821 0.05776
1435.971 0.05845
1436.131 0.05933
1436.291 0.05945
1436.451 0.05823
1436.601 0.05917
1436.761 0.05976
1436.921 0.05988
1437.081 0.05897
1437.231 0.05951
1437.391 0.05743
1437.541 0.05805
1437.701 0.05902
1437.861 0.05918
1438.021 0.05752
1438.171 0.05807
1438.331 0.05852
1438.491 0.05859
1438.651 0.05726
1438.801 0.05808
1438.961 0.05831
1439.111 0.06036
1439.271 0.06121
1439.431 0.0615
1439.591 0.05952
1439.741 0.06009
1439.901 0.06089
1440.061 0.06101
1440.221 0.05953
1440.371 0.06013
1440.531 0.06056
1440.691 0.06069
1440.851 0.05972
1441.001 0.06036
1441.161 0.0587
1441.311 0.05926
1441.471 0.05995
1441.631 0.06009
1441.791 0.05827
1441.941 0.05893
1442.101 0.05961
1442.261 0.05952
1442.421 0.05812
1442.571 0.05847
1442.731 0.05859
1442.881 0.06058
1443.041 0.06118
1443.201 0.06177
1443.361 0.05976
1443.511 0.06009
1443.671 0.06064
1443.831 0.06069
1443.991 0.0591
1444.141 0.05972
1444.301 0.06016
1444.461 0.06022
1444.621 0.05925
1444.771 0.05944
1444.931 0.05952
1445.081 0.06131
1445.241 0.06181
1445.401 0.06195
1445.561 0.06007
1445.711 0.06048
1445.871 0.06067
1446.031 0.06059
1446.191 0.05998
1446.341 0.0605
1446.501 0.06066
1446.651 0.06264
1446.811 0.06305
1446.971 0.06333
1447.131 0.06125
1447.281 0.06131
1447.441 0.06194
1447.601 0.06193
1447.761 0.06051
1447.911 0.0609
1448.071 0.06133
1448.231 0.06121
1448.391 0.0602
1448.541 0.06074
1448.701 0.0606
1448.851 0.06269
1449.011 0.06318
1449.171 0.06347
1449.331 0.06183
1449.481 0.06243
1449.641 0.06284
1449.801 0.06262
1449.961 0.06106
1450.111 0.06144
1450.271 0.06162
1450.421 0.0637
1450.581 0.06427
1450.741 0.06472
1450.901 0.06257
1451.051 0.06294
1451.211 0.0635
1451.371 0.06345
1451.531 0.06199
1451.681 0.06258
1451.841 0.06298
1452.001 0.06303
1452.161 0.06216
1452.311 0.06252
1452.471 0.06065
1452.621 0.06108
1452.781 0.06188
1452.941 0.06192
1453.101 0.06039
1453.251 0.06075
1453.411 0.06121
1453.571 0.06109
1453.731 0.05978
1453.881 0.06017
1454.041 0.06012
1454.191 0.062
1454.351 0.06243
1454.511 0.06246
1454.671 0.06045
1454.821 0.06077
1454.981 0.06138
1455.141 0.06137
1455.301 0.05973
1455.451 0.06023
1455.611 0.06063
1455.771 0.06067
1455.931 0.05994
1456.081 0.06031
1456.241 0.05833
1456.391 0.05883
1456.551 0.05938
1456.711 0.05956
1456.871 0.05793
1457.021 0.05844
1457.181 0.05887
1457.341 0.05884
1457.501 0.0576
1457.651 0.05816
1457.811 0.05841
1457.961 0.06022
1458.121 0.06094
1458.281 0.06118
1458.441 0.05924
1458.591 0.05986
1458.751 0.06051
1458.911 0.06066
1459.071 0.05906
1459.221 0.05972
1459.381 0.05994
1459.541 0.06008
1459.701 0.05924
1459.851 0.05984
1460.011 0.05781
1460.161 0.05836
1460.321 0.05904
1460.481 0.0592
1460.641 0.05783
1460.791 0.05843
1460.951 0.05882
1461.111 0.05867
1461.271 0.05739
1461.421 0.05767
1461.581 0.05774
1461.731 0.0599
1461.891 0.06023
1462.051 0.06065
1462.211 0.05865
1462.361 0.0592
1462.521 0.05964
1462.681 0.0595
1462.841 0.05785
1462.991 0.05847
1463.151 0.05884
1463.311 0.05888
1463.471 0.05805
1463.621 0.05827
1463.781 0.05613
1463.931 0.0566
1464.091 0.05715
1464.251 0.05744
1464.411 0.05575
1464.561 0.05618
1464.721 0.05662
1464.881 0.05659
1465.041 0.05557
1465.191 0.05614
1465.351 0.05614
1465.501 0.05792
1465.661 0.05868
1465.821 0.05886
1465.981 0.05681
1466.131 0.0577
1466.291 0.05859
1466.451 0.05836
1466.611 0.05736
1466.761 0.05794
1466.921 0.05843
1467.081 0.05867
1467.241 0.05783
1467.391 0.05841
1467.551 0.0565
1467.701 0.05732
1467.861 0.05804
1468.021 0.05823
1468.181 0.05684
1468.331 0.05768
1468.491 0.05826
1468.651 0.05831
1468.811 0.05737
1468.961 0.05805
1469.121 0.05828
1469.271 0.06007
1469.431 0.06102
1469.591 0.06146
1469.751 0.05972
1469.901 0.06037
1470.061 0.06115
1470.221 0.06134
1470.381 0.05995
1470.531 0.06078
1470.691 0.06129
1470.851 0.06157
1471.011 0.06081
1471.161 0.06139
1471.321 0.05967
1471.471 0.06058
1471.631 0.06166
1471.791 0.062
1471.951 0.06038
1472.101 0.06128
1472.261 0.06196
1472.421 0.06228
1472.581 0.06112
1472.731 0.06207
1472.891 0.0623
1473.051 0.06225
1473.211 0.06156
1473.361 0.06232
1473.521 0.06053
1473.671 0.06146
1473.831 0.06249
1473.991 0.06253
1474.151 0.06106
1474.301 0.06227
1474.461 0.06292
1474.621 0.06306
1474.781 0.0624
1474.931 0.06326
1475.091 0.06125
1475.241 0.06223
1475.401 0.0632
1475.561 0.06377
1475.721 0.06206
1475.871 0.06305
1476.031 0.06392
1476.191 0.06399
1476.351 0.0628
1476.501 0.06392
1476.661 0.0644
1476.821 0.06427
1476.981 0.06381
1477.131 0.06449
1477.291 0.06277
1477.441 0.06368
1477.601 0.0647
1477.761 0.06517
1477.921 0.06388
1478.071 0.06491
1478.231 0.06556
1478.391 0.0654
1478.551 0.06447
1478.701 0.06563
1478.861 0.06384
1479.011 0.06453
1479.171 0.06572
1479.331 0.06637
1479.491 0.06431
1479.641 0.06539
1479.801 0.06649
1479.961 0.06626
1480.121 0.06513
1480.271 0.0661
1480.431 0.06645
1480.591 0.06651
1480.751 0.06582
1480.901 0.06668
1481.061 0.06461
1481.211 0.06562
1481.371 0.06687
1481.531 0.06698
1481.691 0.06543
1481.841 0.06657
1482.001 0.0672
1482.161 0.06693
1482.321 0.06584
1482.471 0.0667
1482.631 0.06494
1482.781 0.06562
1482.941 0.06662
1483.101 0.06688
1483.261 0.06529
1483.411 0.06611
1483.571 0.0669
1483.731 0.067
1483.891 0.06575
1484.041 0.06664
1484.201 0.06664
1484.361 0.06639
1484.521 0.0655
1484.671 0.06605
1484.831 0.06388
1484.981 0.06427
1485.141 0.06501
1485.301 0.06515
1485.461 0.06345
1485.611 0.06404
1485.771 0.06453
1485.931 0.06469
1486.091 0.06349
1486.241 0.06409
1486.401 0.06419
1486.551 0.06625
1486.711 0.06678
1486.871 0.06718
1487.031 0.06524
1487.181 0.06582
1487.341 0.06644
1487.501 0.06657
1487.661 0.06485
1487.811 0.06557
1487.971 0.06592
1488.131 0.06597
1488.291 0.06522
1488.441 0.0658
1488.601 0.06381
1488.751 0.06453
1488.911 0.06513
1489.071 0.0656
1489.231 0.06398
1489.381 0.06467
1489.541 0.06529
1489.701 0.06528
1489.861 0.06378
1490.011 0.06438
1490.171 0.06474
1490.321 0.06695
1490.481 0.06791
1490.641 0.06815
1490.801 0.06621
1490.951 0.06689
1491.111 0.0673
1491.271 0.06733
1491.431 0.06588
1491.581 0.06646
1491.741 0.06681
1491.901 0.06672
1492.061 0.06581
1492.211 0.0664
1492.371 0.06423
1492.521 0.06459
1492.681 0.0652
1492.841 0.06546
1493.001 0.06345
1493.151 0.06399
1493.311 0.06456
1493.471 0.06439
1493.631 0.06296
1493.781 0.06347
1493.941 0.06366
1494.091 0.06576
1494.251 0.06636
1494.411 0.06695
1494.571 0.06471
1494.721 0.06509
1494.881 0.06559
1495.041 0.06569
1495.201 0.06411
1495.351 0.06477
1495.511 0.06509
1495.671 0.06521
1495.831 0.06422
1495.981 0.0648
1496.141 0.06271
1496.291 0.06327
1496.451 0.06425
1496.611 0.06432
1496.771 0.06264
1496.921 0.06328
1497.081 0.06395
1497.231 0.06618
1497.391 0.06702
1497.551 0.06787
1497.711 0.06811
1497.871 0.06824
1498.031 0.06742
1498.181 0.06809
1498.341 0.06625
1498.491 0.06713
1498.651 0.06802
1498.811 0.06812
1498.971 0.06672
1499.121 0.06757
1499.281 0.06823
1499.441 0.0682
1499.601 0.06738
1499.751 0.0682
1499.911 0.06608
1500.071 0.06497
1500.231 0.06459
1500.381 0.06516
1500.541 0.0634
1500.691 0.06436
1500.851 0.0652
1501.011 0.06536
1501.171 0.06398
1501.321 0.06507
1501.481 0.06552
1501.641 0.06533
1501.801 0.06462
1501.951 0.06545
1502.111 0.06344
1502.261 0.06416
1502.421 0.0653
1502.581 0.06589
1502.741 0.06433
1502.891 0.0654
1503.051 0.06644
1503.211 0.06659
1503.371 0.06569
1503.521 0.06686
1503.681 0.06516
1503.841 0.06348
1504.001 0.06311
1504.151 0.0641
1504.311 0.06232
1504.461 0.06353
1504.621 0.06496
1504.781 0.06544
1504.941 0.06429
1505.091 0.06579
1505.251 0.06674
1505.411 0.06653
1505.571 0.06578
1505.721 0.06719
1505.881 0.0656
1506.041 0.06442
1506.201 0.06419
1506.351 0.06511
1506.511 0.06363
1506.661 0.06541
1506.821 0.06696
1506.981 0.06743
1507.141 0.06669
1507.291 0.06827
1507.451 0.06716
1507.611 0.06565
1507.771 0.06502
1507.921 0.06631
1508.081 0.06481
1508.241 0.06415
1508.401 0.06412
1508.551 0.06481
1508.711 0.06355
1508.861 0.06519
1509.021 0.06619
1509.181 0.06638
1509.341 0.06572
1509.491 0.06726
1509.651 0.06611
1509.811 0.06487
1509.971 0.06461
1510.121 0.0656
1510.281 0.06423
1510.441 0.0636
1510.601 0.0613
1510.751 0.05976
1510.911 0.05872
1511.061 0.06043
1511.221 0.06151
1511.381 0.0617
1511.541 0.06113
1511.691 0.06273
1511.851 0.0615
1512.011 0.06033
1512.171 0.06022
1512.321 0.06116
1512.481 0.05971
1512.631 0.06104
1512.791 0.06265
1512.951 0.06315
1513.111 0.06221
1513.261 0.06401
1513.421 0.06479
1513.581 0.06469
1513.741 0.06419
1513.891 0.06572
1514.051 0.06442
1514.211 0.0635
1514.371 0.06334
1514.521 0.06421
1514.681 0.06265
1514.831 0.06419
1514.991 0.0656
1515.151 0.06609
1515.311 0.0651
1515.461 0.06672
1515.621 0.06558
1515.781 0.06398
1515.941 0.06332
1516.091 0.06462
1516.251 0.0634
1516.411 0.06248
1516.571 0.06232
1516.721 0.063
1516.881 0.06159
1517.031 0.0631
1517.191 0.06467
1517.351 0.06516
1517.511 0.06419
1517.661 0.06571
1517.821 0.06438
1517.981 0.0628
1518.141 0.06231
1518.291 0.06353
1518.451 0.06215
1518.611 0.06123
1518.771 0.0612
1518.921 0.06191
1519.081 0.06073
1519.231 0.06239
1519.391 0.06363
1519.551 0.06395
1519.711 0.06297
1519.861 0.06449
1520.021 0.06292
1520.181 0.06153
1520.341 0.06121
1520.491 0.06218
1520.651 0.06084
1520.811 0.05984
1520.971 0.05982
1521.121 0.06069
1521.281 0.05965
1521.431 0.06138
1521.591 0.06262
1521.751 0.06302
1521.911 0.06219
1522.061 0.06378
1522.221 0.0628
1522.381 0.06198
1522.541 0.06161
1522.691 0.06291
1522.851 0.06162
1523.011 0.06072
1523.171 0.06053
1523.321 0.06147
1523.481 0.0606
1523.631 0.06239
1523.791 0.06365
1523.951 0.06421
1524.111 0.0635
1524.261 0.06517
1524.421 0.06429
1524.581 0.06336
1524.741 0.06328
1524.891 0.0645
1525.051 0.06344
1525.211 0.06275
1525.371 0.06282
1525.521 0.06391
1525.681 0.06332
1525.841 0.06317
1526.001 0.06136
1526.151 0.06043
1526.311 0.05981
1526.461 0.06152
1526.621 0.06085
1526.781 0.06023
1526.941 0.06025
1527.091 0.06161
1527.251 0.06092
1527.411 0.06042
1527.571 0.06038
1527.721 0.06162
1527.881 0.06117
1528.041 0.06125
1528.201 0.05936
1528.351 0.0587
1528.511 0.05823
1528.661 0.05971
1528.821 0.05943
1528.981 0.05908
1529.141 0.05908
1529.291 0.06079
1529.451 0.0604
1529.611 0.05991
1529.771 0.0598
1529.921 0.06126
1530.081 0.06107
1530.241 0.06099
1530.401 0.05906
1530.551 0.05842
1530.711 0.05819
1530.861 0.06015
1531.021 0.05986
1531.181 0.05967
1531.341 0.0598
1531.491 0.06134
1531.651 0.06102
1531.811 0.06065
1531.971 0.0606
1532.121 0.06204
1532.281 0.06197
1532.441 0.06182
1532.601 0.05975
1532.751 0.05943
1532.911 0.05933
1533.071 0.05945
1533.231 0.05813
1533.381 0.05803
1533.541 0.05801
1533.691 0.05989
1533.851 0.05975
1534.011 0.05934
1534.171 0.05943
1534.321 0.06107
1534.481 0.06085
1534.641 0.06072
1534.801 0.05861
1534.951 0.05831
1535.111 0.05814
1535.271 0.05811
1535.431 0.05668
1535.581 0.0565
1535.741 0.05635
1535.891 0.05828
1536.051 0.05811
1536.211 0.05806
1536.371 0.05808
1536.521 0.05977
1536.681 0.05973
1536.841 0.05955
1537.001 0.05763
1537.151 0.05733
1537.311 0.05739
1537.471 0.05742
1537.631 0.05584
1537.781 0.05562
1537.941 0.05544
1538.091 0.05738
1538.251 0.05738
1538.411 0.05724
1538.571 0.05728
1538.721 0.05887
1538.881 0.05875
1539.041 0.05844
1539.201 0.05841
1539.351 0.05943
1539.511 0.05928
1539.671 0.05923
1539.831 0.05752
1539.981 0.05729
1540.141 0.05697
1540.291 0.05889
1540.451 0.05888
1540.611 0.05854
1540.771 0.05852
1540.921 0.06021
1541.081 0.06
1541.241 0.05974
1541.401 0.05963
1541.551 0.06084
1541.711 0.06082
1541.871 0.06104
1542.031 0.05973
1542.181 0.05926
1542.341 0.05906
1542.501 0.05918
1542.661 0.0577
1542.811 0.05758
1542.971 0.0577
1543.121 0.05949
1543.281 0.05915
1543.441 0.05884
1543.601 0.05884
1543.751 0.06027
1543.911 0.06027
1544.071 0.06032
1544.231 0.05836
1544.381 0.05814
1544.541 0.05791
1544.701 0.0578
1544.861 0.05639
1545.011 0.0563
1545.171 0.05635
1545.321 0.05834
1545.481 0.0581
1545.641 0.05766
1545.801 0.05765
1545.951 0.05922
1546.111 0.05909
1546.271 0.05903
1546.431 0.05889
1546.581 0.05963
1546.741 0.05922
1546.901 0.0592
1547.061 0.05721
1547.211 0.05694
1547.371 0.05694
1547.521 0.05885
1547.681 0.05858
1547.841 0.0583
1548.001 0.0582
1548.151 0.06
1548.311 0.05976
1548.471 0.05963
1548.631 0.0597
1548.781 0.06087
1548.941 0.06069
1549.101 0.06059
1549.261 0.05869
1549.411 0.05846
1549.571 0.0583
1549.721 0.06031
1549.881 0.06015
1550.041 0.05999
1550.201 0.05995
1550.351 0.06166
1550.511 0.06148
1550.671 0.06111
1550.831 0.06126
1550.981 0.06263
1551.141 0.06251
1551.301 0.06246
1551.461 0.06046
1551.611 0.06002
1551.771 0.05989
1551.921 0.06201
1552.081 0.06194
1552.241 0.06173
1552.401 0.06162
1552.551 0.06356
1552.711 0.06335
1552.871 0.06297
1553.031 0.06307
1553.181 0.06446
1553.341 0.06424
1553.501 0.06423
1553.661 0.06253
1553.811 0.06211
1553.971 0.06176
1554.121 0.0639
1554.281 0.06361
1554.441 0.06328
1554.601 0.0632
1554.751 0.06504
1554.911 0.06463
1555.071 0.06406
1555.231 0.06386
1555.381 0.06528
1555.541 0.06511
1555.701 0.06478
1555.861 0.06486
1556.011 0.06568
1556.171 0.06523
1556.331 0.0651
1556.491 0.06343
1556.641 0.06311
1556.801 0.06278
1556.951 0.06463
1557.111 0.06427
1557.271 0.06366
1557.431 0.06342
1557.581 0.06512
1557.741 0.06486
1557.901 0.0646
1558.061 0.06465
1558.211 0.06573
1558.371 0.06526
1558.531 0.06524
1558.691 0.06359
1558.841 0.06327
1559.001 0.06309
1559.151 0.06511
1559.311 0.06484
1559.471 0.06454
1559.631 0.06444
1559.781 0.0661
1559.941 0.06589
1560.101 0.06565
1560.261 0.06574
1560.411 0.067
1560.571 0.06681
1560.731 0.06684
1560.891 0.06502
1561.041 0.06458
1561.201 0.06445
1561.351 0.06649
1561.511 0.06633
1561.671 0.06607
1561.831 0.06595
1561.981 0.06755
1562.141 0.06701
1562.301 0.06668
1562.461 0.06666
1562.611 0.06806
1562.771 0.06768
1562.931 0.06748
1563.091 0.06557
1563.241 0.06508
1563.401 0.06449
1563.551 0.06652
1563.711 0.06624
1563.871 0.06595
1564.031 0.06569
1564.181 0.06729
1564.341 0.06685
1564.501 0.06623
1564.661 0.06626
1564.811 0.06776
1564.971 0.06749
1565.131 0.06738
1565.291 0.06517
1565.441 0.0646
1565.601 0.06418
1565.761 0.06424
1565.921 0.06252
1566.071 0.06212
1566.231 0.06204
1566.381 0.06378
1566.541 0.06346
1566.701 0.06305
1566.861 0.06302
1567.011 0.06429
1567.171 0.06411
1567.331 0.06411
1567.491 0.06194
1567.641 0.06169
1567.801 0.06151
1567.961 0.06139
1568.121 0.05975
1568.271 0.05957
1568.431 0.05936
1568.581 0.06124
1568.741 0.06094
1568.901 0.0606
1569.061 0.06068
1569.211 0.06225
1569.371 0.06201
1569.531 0.06162
1569.691 0.06154
1569.841 0.06279
1570.001 0.06255
1570.151 0.06472
1570.311 0.06462
1570.471 0.06416
1570.631 0.06387
1570.781 0.06593
1570.941 0.06558
1571.101 0.06508
1571.261 0.06493
