%Time7 coef_friccion7
1000.082 0.05186
1000.232 0.05251
1000.392 0.05134
1000.542 0.05232
1000.702 0.05223
1000.862 0.05243
1001.022 0.05164
1001.172 0.0528
1001.332 0.05239
1001.492 0.05254
1001.652 0.05195
1001.802 0.05287
1001.962 0.05174
1002.122 0.05168
1002.282 0.05138
1002.432 0.05236
1002.592 0.05102
1002.752 0.05128
1002.912 0.05144
1003.062 0.05204
1003.222 0.05111
1003.372 0.05252
1003.532 0.05262
1003.692 0.05321
1003.852 0.05231
1004.002 0.05335
1004.162 0.05299
1004.322 0.05294
1004.482 0.05221
1004.632 0.05328
1004.792 0.05205
1004.952 0.05188
1005.112 0.05149
1005.262 0.05227
1005.422 0.05108
1005.582 0.05145
1005.742 0.05128
1005.892 0.052
1006.052 0.05088
1006.202 0.05194
1006.362 0.0521
1006.522 0.0523
1006.682 0.05149
1006.832 0.05272
1006.992 0.05245
1007.152 0.05279
1007.312 0.05225
1007.462 0.05321
1007.622 0.05196
1007.782 0.05186
1007.942 0.05132
1008.092 0.05226
1008.252 0.05108
1008.412 0.05119
1008.572 0.05131
1008.722 0.05194
1008.882 0.05093
1009.032 0.05212
1009.192 0.05233
1009.352 0.05283
1009.512 0.05204
1009.662 0.05314
1009.822 0.05307
1009.982 0.05331
1010.142 0.05258
1010.292 0.05363
1010.452 0.05335
1010.612 0.05333
1010.772 0.05307
1010.922 0.05392
1011.082 0.05255
1011.242 0.05276
1011.402 0.05261
1011.552 0.05355
1011.712 0.05244
1011.872 0.05286
1012.032 0.0532
1012.182 0.05361
1012.342 0.05264
1012.492 0.05374
1012.652 0.05367
1012.812 0.05397
1012.972 0.05334
1013.122 0.05429
1013.282 0.05384
1013.442 0.05395
1013.602 0.05322
1013.752 0.05433
1013.912 0.05323
1014.072 0.05329
1014.232 0.05319
1014.382 0.05406
1014.542 0.05276
1014.702 0.05322
1014.862 0.05321
1015.012 0.05372
1015.172 0.0528
1015.322 0.05393
1015.482 0.05386
1015.642 0.05432
1015.802 0.05332
1015.952 0.05459
1016.112 0.05422
1016.272 0.05404
1016.432 0.05348
1016.582 0.05435
1016.742 0.05301
1016.902 0.05307
1017.062 0.05261
1017.212 0.0535
1017.372 0.05229
1017.532 0.05279
1017.692 0.05294
1017.842 0.05356
1018.002 0.05261
1018.152 0.05376
1018.312 0.05378
1018.472 0.05396
1018.632 0.05323
1018.782 0.05432
1018.942 0.05396
1019.102 0.05422
1019.262 0.05353
1019.412 0.05449
1019.572 0.05346
1019.732 0.05336
1019.892 0.05309
1020.042 0.05397
1020.202 0.05268
1020.362 0.05295
1020.522 0.05293
1020.672 0.05345
1020.832 0.05255
1020.982 0.05371
1021.142 0.05374
1021.302 0.05424
1021.462 0.0533
1021.612 0.0543
1021.772 0.05427
1021.932 0.05425
1022.092 0.05356
1022.242 0.05447
1022.402 0.05341
1022.562 0.05317
1022.722 0.05276
1022.872 0.05361
1023.032 0.0525
1023.192 0.05284
1023.352 0.05262
1023.502 0.05334
1023.662 0.05225
1023.812 0.0532
1023.972 0.05328
1024.132 0.05352
1024.292 0.05259
1024.442 0.05388
1024.602 0.05372
1024.762 0.05402
1024.922 0.05301
1025.072 0.05409
1025.232 0.05362
1025.392 0.05334
1025.552 0.05289
1025.702 0.05394
1025.862 0.05277
1026.022 0.05287
1026.182 0.05271
1026.332 0.05336
1026.492 0.05228
1026.652 0.05287
1026.812 0.05272
1026.962 0.05338
1027.122 0.05241
1027.272 0.05341
1027.432 0.05329
1027.592 0.05352
1027.752 0.05263
1027.902 0.0538
1028.062 0.05336
1028.222 0.05352
1028.382 0.05296
1028.532 0.05381
1028.692 0.05259
1028.852 0.05269
1029.012 0.05235
1029.162 0.05331
1029.322 0.05217
1029.482 0.05257
1029.642 0.05264
1029.792 0.05317
1029.952 0.05217
1030.102 0.0533
1030.262 0.05337
1030.422 0.05383
1030.582 0.05293
1030.732 0.05412
1030.892 0.0536
1031.052 0.0536
1031.212 0.05303
1031.362 0.05397
1031.522 0.05278
1031.682 0.05279
1031.842 0.05282
1031.992 0.05355
1032.152 0.0524
1032.312 0.05292
1032.472 0.05259
1032.622 0.05325
1032.782 0.05227
1032.932 0.05329
1033.092 0.05323
1033.252 0.05365
1033.412 0.05273
1033.562 0.05393
1033.722 0.05367
1033.882 0.0536
1034.042 0.05313
1034.192 0.05408
1034.352 0.05278
1034.512 0.05283
1034.672 0.05234
1034.822 0.05308
1034.982 0.05204
1035.142 0.05227
1035.302 0.05222
1035.452 0.05299
1035.612 0.05199
1035.762 0.05307
1035.922 0.05323
1036.082 0.05363
1036.242 0.0527
1036.392 0.05377
1036.552 0.05339
1036.712 0.0536
1036.872 0.05279
1037.022 0.05381
1037.182 0.05277
1037.342 0.05261
1037.502 0.05229
1037.652 0.05318
1037.812 0.0519
1037.972 0.05203
1038.132 0.05177
1038.282 0.05269
1038.442 0.0516
1038.592 0.05281
1038.752 0.0529
1038.912 0.0534
1039.072 0.05232
1039.222 0.05336
1039.382 0.0532
1039.542 0.05335
1039.702 0.05271
1039.852 0.05379
1040.012 0.05313
1040.172 0.05323
1040.332 0.05269
1040.482 0.05351
1040.642 0.05238
1040.802 0.05254
1040.962 0.05216
1041.112 0.05302
1041.272 0.05184
1041.422 0.05271
1041.582 0.05284
1041.742 0.05335
1041.902 0.05253
1042.052 0.0537
1042.212 0.05359
1042.372 0.05387
1042.532 0.05301
1042.682 0.05396
1042.842 0.05349
1043.002 0.05332
1043.162 0.05287
1043.312 0.05381
1043.472 0.05274
1043.632 0.05267
1043.792 0.05231
1043.942 0.05302
1044.102 0.05186
1044.262 0.05234
1044.422 0.05243
1044.572 0.05308
1044.732 0.052
1044.882 0.05305
1045.042 0.05293
1045.202 0.05301
1045.362 0.05241
1045.512 0.05354
1045.672 0.05297
1045.832 0.05324
1045.992 0.05268
1046.142 0.05361
1046.302 0.05233
1046.462 0.05226
1046.622 0.05193
1046.772 0.05285
1046.932 0.05169
1047.092 0.05195
1047.252 0.05209
1047.402 0.05252
1047.562 0.05162
1047.712 0.05288
1047.872 0.05279
1048.032 0.05324
1048.192 0.0524
1048.342 0.05336
1048.502 0.05271
1048.662 0.05263
1048.822 0.05193
1048.972 0.05294
1049.132 0.05173
1049.292 0.05155
1049.452 0.05113
1049.602 0.05186
1049.762 0.05073
1049.922 0.05111
1050.082 0.05104
1050.232 0.05186
1050.392 0.05082
1050.542 0.05168
1050.702 0.05169
1050.862 0.05214
1051.022 0.05131
1051.172 0.05252
1051.332 0.05215
1051.492 0.05228
1051.652 0.05157
1051.802 0.05252
1051.962 0.05106
1052.122 0.05098
1052.282 0.05042
1052.432 0.05135
1052.592 0.05025
1052.752 0.05039
1052.912 0.05045
1053.062 0.0511
1053.222 0.05005
1053.372 0.05125
1053.532 0.05135
1053.692 0.05191
1053.852 0.05102
1054.002 0.05215
1054.162 0.05176
1054.322 0.0521
1054.482 0.05133
1054.632 0.0525
1054.792 0.05153
1054.952 0.05117
1055.112 0.05084
1055.262 0.05166
1055.422 0.05042
1055.582 0.05062
1055.742 0.05047
1055.892 0.05128
1056.052 0.05016
1056.202 0.05116
1056.362 0.0513
1056.522 0.05177
1056.682 0.05085
1056.832 0.05191
1056.992 0.05166
1057.152 0.05194
1057.312 0.05147
1057.462 0.05256
1057.622 0.05206
1057.782 0.0519
1057.942 0.05122
1058.092 0.05214
1058.252 0.05109
1058.412 0.05109
1058.572 0.0512
1058.722 0.05189
1058.882 0.05077
1059.032 0.05186
1059.192 0.0522
1059.352 0.05263
1059.512 0.05177
1059.662 0.05303
1059.822 0.05298
1059.982 0.05327
1060.142 0.05253
1060.292 0.05358
1060.452 0.05308
1060.612 0.053
1060.772 0.05254
1060.922 0.05337
1061.082 0.05208
1061.242 0.05217
1061.402 0.05189
1061.552 0.05265
1061.712 0.05171
1061.872 0.05223
1062.032 0.05251
1062.182 0.05315
1062.342 0.05229
1062.492 0.05339
1062.652 0.05323
1062.812 0.05342
1062.972 0.05275
1063.122 0.05385
1063.282 0.05346
1063.442 0.05354
1063.602 0.05282
1063.752 0.0537
1063.912 0.0526
1064.072 0.05251
1064.232 0.05215
1064.382 0.05302
1064.542 0.05183
1064.702 0.05219
1064.862 0.05227
1065.012 0.0526
1065.172 0.05177
1065.322 0.05305
1065.482 0.05291
1065.642 0.05345
1065.802 0.05259
1065.952 0.0535
1066.112 0.05296
1066.272 0.05283
1066.432 0.05216
1066.582 0.05315
1066.742 0.05196
1066.902 0.05174
1067.062 0.05141
1067.212 0.05213
1067.372 0.05102
1067.532 0.05144
1067.692 0.05134
1067.842 0.05197
1068.002 0.05088
1068.152 0.05179
1068.312 0.05171
1068.472 0.05188
1068.632 0.05108
1068.782 0.0523
1068.942 0.05193
1069.102 0.05207
1069.262 0.05129
1069.412 0.05219
1069.572 0.05086
1069.732 0.05084
1069.892 0.05044
1070.042 0.05128
1070.202 0.05004
1070.362 0.05042
1070.522 0.05058
1070.672 0.05098
1070.832 0.0499
1070.982 0.05101
1071.142 0.05108
1071.302 0.05162
1071.462 0.05088
1071.612 0.05171
1071.772 0.05131
1071.932 0.05119
1072.092 0.05048
1072.242 0.05169
1072.402 0.05046
1072.562 0.05015
1072.722 0.05003
1072.872 0.05081
1073.032 0.04954
1073.192 0.0499
1073.352 0.04982
1073.502 0.05048
1073.662 0.04943
1073.812 0.05046
1073.972 0.05042
1074.132 0.05104
1074.292 0.0501
1074.442 0.05147
1074.602 0.05113
1074.762 0.05138
1074.922 0.05077
1075.072 0.05164
1075.232 0.05103
1075.392 0.051
1075.552 0.05061
1075.702 0.05144
1075.862 0.05017
1076.022 0.05041
1076.182 0.05066
1076.332 0.05141
1076.492 0.05036
1076.642 0.05139
1076.802 0.05147
1076.962 0.05201
1077.122 0.05118
1077.272 0.05228
1077.432 0.05207
1077.592 0.05233
1077.752 0.05148
1077.902 0.05245
1078.062 0.05198
1078.222 0.05185
1078.382 0.05171
1078.532 0.0525
1078.692 0.05114
1078.852 0.05142
1079.012 0.05125
1079.162 0.05192
1079.322 0.05095
1079.472 0.05209
1079.632 0.0522
1079.792 0.05292
1079.952 0.05195
1080.102 0.05302
1080.262 0.05288
1080.422 0.05291
1080.582 0.05234
1080.732 0.0533
1080.892 0.05277
1081.052 0.05284
1081.212 0.05241
1081.362 0.05323
1081.522 0.05205
1081.682 0.05229
1081.842 0.05233
1081.992 0.05308
1082.152 0.05187
1082.302 0.05285
1082.462 0.05304
1082.622 0.05354
1082.782 0.05265
1082.932 0.05382
1083.092 0.05366
1083.252 0.05398
1083.412 0.05313
1083.562 0.05411
1083.722 0.05349
1083.882 0.05332
1084.042 0.05299
1084.192 0.05402
1084.352 0.05264
1084.512 0.05276
1084.672 0.05252
1084.822 0.05308
1084.982 0.05205
1085.132 0.05324
1085.292 0.05354
1085.452 0.05419
1085.612 0.05297
1085.762 0.05397
1085.922 0.05385
1086.082 0.05385
1086.242 0.05309
1086.392 0.05421
1086.552 0.05367
1086.712 0.05379
1086.872 0.05331
1087.022 0.05414
1087.182 0.05295
1087.342 0.05301
1087.502 0.05273
1087.652 0.05358
1087.812 0.05224
1087.972 0.05253
1088.132 0.05261
1088.282 0.05303
1088.442 0.05207
1088.592 0.05312
1088.752 0.05293
1088.912 0.05333
1089.072 0.05237
1089.222 0.05341
1089.382 0.05291
1089.542 0.0528
1089.702 0.05223
1089.852 0.05324
1090.012 0.05181
1090.172 0.0518
1090.332 0.05165
1090.482 0.05229
1090.642 0.0511
1090.802 0.05149
1090.962 0.05149
1091.112 0.05217
1091.272 0.05115
1091.422 0.0521
1091.582 0.05202
1091.742 0.05212
1091.902 0.05131
1092.052 0.05253
1092.212 0.05201
1092.372 0.0522
1092.532 0.05174
1092.682 0.05267
1092.842 0.05136
1093.002 0.05127
1093.162 0.05088
1093.312 0.05164
1093.472 0.05041
1093.632 0.05068
1093.792 0.05082
1093.942 0.05127
1094.102 0.05022
1094.252 0.05136
1094.412 0.0513
1094.572 0.05175
1094.732 0.0509
1094.882 0.05184
1095.042 0.05142
1095.202 0.05125
1095.362 0.05054
1095.512 0.05156
1095.672 0.05031
1095.832 0.05008
1095.992 0.04977
1096.142 0.05041
1096.302 0.04928
1096.462 0.04946
1096.622 0.04935
1096.772 0.05013
1096.932 0.04926
1097.082 0.05016
1097.242 0.05011
1097.402 0.05037
1097.562 0.04951
1097.712 0.05066
1097.872 0.05028
1098.032 0.05039
1098.192 0.04986
1098.342 0.05076
1098.502 0.04941
1098.662 0.04913
1098.822 0.04863
1098.972 0.04951
1099.132 0.04828
1099.292 0.04848
1099.452 0.04851
1099.602 0.04909
1099.762 0.04803
1099.912 0.04915
1100.072 0.04923
1100.232 0.04965
1100.392 0.04884
1100.542 0.04982
1100.702 0.04956
1100.862 0.04956
1101.022 0.04878
1101.172 0.0498
1101.332 0.04943
1101.492 0.04933
1101.652 0.04911
1101.802 0.04973
1101.962 0.04857
1102.122 0.0487
1102.282 0.04841
1102.432 0.04928
1102.592 0.04828
1102.742 0.04933
1102.902 0.04943
1103.062 0.04994
1103.222 0.04897
1103.372 0.05028
1103.532 0.05019
1103.692 0.05041
1103.852 0.0499
1104.002 0.05098
1104.162 0.05036
1104.322 0.05034
1104.482 0.04982
1104.632 0.05079
1104.792 0.04977
1104.952 0.05002
1105.112 0.05008
1105.262 0.05073
1105.422 0.04955
1105.582 0.05017
1105.742 0.05009
1105.892 0.0506
1106.052 0.04968
1106.202 0.05082
1106.362 0.05064
1106.522 0.05082
1106.682 0.05003
1106.832 0.05121
1106.992 0.05075
1107.152 0.05071
1107.312 0.05033
1107.462 0.05112
1107.622 0.04981
1107.782 0.04986
1107.942 0.04949
1108.092 0.05027
1108.252 0.04938
1108.412 0.04976
1108.572 0.05018
1108.722 0.05084
1108.882 0.04997
1109.032 0.051
1109.192 0.05097
1109.352 0.05133
1109.512 0.05082
1109.662 0.05192
1109.822 0.05141
1109.982 0.05151
1110.142 0.05097
1110.292 0.05181
1110.452 0.05079
1110.612 0.05088
1110.772 0.0508
1110.922 0.05143
1111.082 0.05029
1111.242 0.05064
1111.402 0.05071
1111.552 0.05131
1111.712 0.05036
1111.862 0.05156
1112.022 0.05158
1112.182 0.05202
1112.342 0.0512
1112.492 0.05237
1112.652 0.05204
1112.812 0.05205
1112.972 0.05159
1113.122 0.0524
1113.282 0.05108
1113.442 0.05093
1113.602 0.05047
1113.752 0.05119
1113.912 0.05013
1114.072 0.05052
1114.232 0.05078
1114.382 0.05153
1114.542 0.05056
1114.692 0.0515
1114.852 0.05152
1115.012 0.05177
1115.172 0.05112
1115.322 0.05229
1115.482 0.05181
1115.642 0.05206
1115.802 0.05132
1115.952 0.05222
1116.112 0.05099
1116.272 0.05094
1116.432 0.05071
1116.582 0.0516
1116.742 0.05038
1116.902 0.05044
1117.062 0.05042
1117.212 0.05091
1117.372 0.04987
1117.522 0.05104
1117.682 0.05103
1117.842 0.05147
1118.002 0.05057
1118.152 0.05153
1118.312 0.0512
1118.472 0.05124
1118.632 0.05076
1118.782 0.05181
1118.942 0.05102
1119.102 0.05108
1119.262 0.05068
1119.412 0.05143
1119.572 0.05028
1119.732 0.05059
1119.892 0.05065
1120.042 0.05138
1120.202 0.05016
1120.352 0.05111
1120.512 0.0511
1120.672 0.05141
1120.832 0.05072
1120.982 0.05185
1121.142 0.05154
1121.302 0.05195
1121.462 0.05137
1121.612 0.05225
1121.772 0.05168
1121.932 0.0515
1122.092 0.0511
1122.242 0.05203
1122.402 0.05093
1122.562 0.05105
1122.722 0.05106
1122.872 0.0516
1123.032 0.05053
1123.182 0.0518
1123.342 0.05189
1123.502 0.05238
1123.662 0.05142
1123.812 0.05241
1123.972 0.05197
1124.132 0.0521
1124.292 0.05143
1124.442 0.05256
1124.602 0.05199
1124.762 0.05188
1124.922 0.05142
1125.072 0.0523
1125.232 0.05111
1125.392 0.05126
1125.552 0.05098
1125.702 0.05174
1125.862 0.05057
1126.012 0.05158
1126.172 0.05177
1126.332 0.05223
1126.492 0.05144
1126.642 0.0527
1126.802 0.05251
1126.962 0.05291
1127.122 0.0522
1127.272 0.05307
1127.432 0.05235
1127.592 0.05235
1127.752 0.05181
1127.902 0.0528
1128.062 0.05159
1128.222 0.05156
1128.382 0.05166
1128.532 0.05243
1128.692 0.05126
1128.842 0.05259
1129.002 0.05265
1129.162 0.05321
1129.322 0.05226
1129.472 0.05331
1129.632 0.05298
1129.792 0.05319
1129.952 0.0523
1130.102 0.05328
1130.262 0.05287
1130.422 0.05292
1130.582 0.05268
1130.732 0.05357
1130.892 0.05231
1131.052 0.05239
1131.212 0.05222
1131.362 0.05294
1131.522 0.05175
1131.672 0.05258
1131.832 0.05266
1131.992 0.05307
1132.152 0.05204
1132.302 0.05318
1132.462 0.05297
1132.622 0.05323
1132.782 0.05259
1132.932 0.05354
1133.092 0.05292
1133.252 0.05291
1133.412 0.05239
1133.562 0.05337
1133.722 0.05216
1133.882 0.05228
1134.042 0.05241
1134.192 0.0531
1134.352 0.05198
1134.502 0.05291
1134.662 0.05301
1134.822 0.05342
1134.982 0.05248
1135.132 0.05354
1135.292 0.05324
1135.452 0.05348
1135.612 0.05238
1135.762 0.05335
1135.922 0.05279
1136.082 0.0527
1136.242 0.05231
1136.392 0.05312
1136.552 0.0517
1136.712 0.05149
1136.872 0.05117
1137.022 0.05185
1137.182 0.05066
1137.332 0.05172
1137.492 0.0518
1137.652 0.05226
1137.812 0.05121
1137.962 0.05219
1138.122 0.05227
1138.282 0.05252
1138.442 0.05163
1138.592 0.05255
1138.752 0.05206
1138.912 0.05227
1139.072 0.05155
1139.222 0.05247
1139.382 0.05103
1139.542 0.05086
1139.702 0.05068
1139.852 0.0515
1140.012 0.05014
1140.172 0.05044
1140.332 0.05047
1140.482 0.05105
1140.642 0.05023
1140.792 0.05143
1140.952 0.05109
1141.112 0.05157
1141.272 0.05048
1141.422 0.05159
1141.582 0.05123
1141.742 0.05113
1141.902 0.05058
1142.052 0.05159
1142.212 0.05004
1142.372 0.04988
1142.532 0.04959
1142.682 0.05043
1142.842 0.04931
1143.002 0.04978
1143.162 0.04987
1143.312 0.05056
1143.472 0.04957
1143.622 0.05054
1143.782 0.05042
1143.942 0.05057
1144.102 0.04963
1144.252 0.05068
1144.412 0.05028
1144.572 0.05037
1144.732 0.04958
1144.882 0.05067
1145.042 0.04935
1145.202 0.04915
1145.362 0.04895
1145.512 0.0497
1145.672 0.04848
1145.832 0.04881
1145.992 0.04888
1146.142 0.04937
1146.302 0.04844
1146.452 0.04962
1146.612 0.04947
1146.772 0.04994
1146.932 0.04906
1147.082 0.05012
1147.242 0.04965
1147.402 0.04956
1147.562 0.0489
1147.712 0.04983
1147.872 0.04859
1148.032 0.04846
1148.192 0.04822
1148.342 0.04898
1148.502 0.04783
1148.662 0.04814
1148.822 0.0482
1148.972 0.04896
1149.132 0.04793
1149.282 0.04907
1149.442 0.04914
1149.602 0.0495
1149.762 0.04862
1149.912 0.04977
1150.072 0.04951
1150.232 0.0498
1150.392 0.04919
1150.542 0.05018
1150.702 0.04897
1150.862 0.04886
1151.022 0.04858
1151.172 0.04938
1151.332 0.04821
1151.492 0.04828
1151.652 0.04834
1151.802 0.04894
1151.962 0.04805
1152.112 0.04907
1152.272 0.04899
1152.432 0.04972
1152.592 0.04898
1152.742 0.05017
1152.902 0.04988
1153.062 0.04988
1153.222 0.04915
1153.372 0.05022
1153.532 0.04963
1153.692 0.04956
1153.852 0.04924
1154.002 0.04994
1154.162 0.04872
1154.322 0.049
1154.482 0.04896
1154.632 0.04972
1154.792 0.04857
1154.942 0.04954
1155.102 0.04966
1155.262 0.04991
1155.422 0.04889
1155.572 0.04997
1155.732 0.0498
1155.892 0.05009
1156.052 0.04931
1156.202 0.0501
1156.362 0.04939
1156.522 0.04923
1156.682 0.04875
1156.832 0.04954
1156.992 0.04836
1157.152 0.04853
1157.312 0.04858
1157.462 0.04909
1157.622 0.0481
1157.772 0.04912
1157.932 0.04918
1158.092 0.04994
1158.252 0.04891
1158.402 0.04997
1158.562 0.04986
1158.722 0.05008
1158.882 0.04931
1159.032 0.05041
1159.192 0.04975
1159.352 0.04964
1159.512 0.04929
1159.662 0.05002
1159.822 0.04883
1159.982 0.04898
1160.142 0.04889
1160.292 0.04959
1160.452 0.04853
1160.602 0.04955
1160.762 0.04962
1160.922 0.04996
1161.082 0.04895
1161.232 0.05009
1161.392 0.04973
1161.552 0.05
1161.712 0.0492
1161.862 0.05007
1162.022 0.04954
1162.182 0.04935
1162.342 0.04891
1162.492 0.04981
1162.652 0.04844
1162.812 0.04851
1162.972 0.04835
1163.122 0.04882
1163.282 0.04778
1163.432 0.04887
1163.592 0.04887
1163.752 0.04956
1163.912 0.04861
1164.062 0.04966
1164.222 0.04939
1164.382 0.04968
1164.542 0.04888
1164.692 0.04993
1164.852 0.04954
1165.012 0.0495
1165.172 0.04918
1165.322 0.04989
1165.482 0.04881
1165.642 0.04888
1165.802 0.04856
1165.952 0.04925
1166.112 0.04799
1166.262 0.0491
1166.422 0.04923
1166.582 0.04973
1166.742 0.04887
1166.892 0.05001
1167.052 0.04987
1167.212 0.05021
1167.372 0.04952
1167.522 0.0505
1167.682 0.04991
1167.842 0.04971
1168.002 0.04914
1168.152 0.05013
1168.312 0.04897
1168.472 0.049
1168.632 0.04903
1168.782 0.0497
1168.942 0.04862
1169.092 0.04968
1169.252 0.04989
1169.412 0.05062
1169.572 0.04983
1169.722 0.05093
1169.882 0.05072
1170.042 0.05107
1170.202 0.05026
1170.352 0.05133
1170.512 0.05084
1170.672 0.05082
1170.832 0.05038
1170.982 0.05117
1171.142 0.04994
1171.302 0.04988
1171.462 0.0495
1171.612 0.05029
1171.772 0.04928
1171.922 0.05027
1172.082 0.05041
1172.242 0.05106
1172.402 0.04995
1172.552 0.05114
1172.712 0.05105
1172.872 0.05145
1173.032 0.05063
1173.182 0.0516
1173.342 0.05114
1173.502 0.0512
1173.662 0.05053
1173.812 0.05152
1173.972 0.05033
1174.132 0.05036
1174.292 0.05028
1174.442 0.0511
1174.602 0.04991
1174.762 0.05014
1174.922 0.05
1175.072 0.05072
1175.232 0.04983
1175.382 0.05092
1175.542 0.05093
1175.702 0.05134
1175.862 0.0505
1176.012 0.05172
1176.172 0.05134
1176.332 0.05149
1176.492 0.05115
1176.642 0.0519
1176.802 0.05053
1176.962 0.05056
1177.122 0.05012
1177.272 0.05096
1177.432 0.04979
1177.592 0.05014
1177.752 0.05023
1177.902 0.05089
1178.062 0.04996
1178.212 0.05105
1178.372 0.05107
1178.532 0.05149
1178.692 0.05073
1178.842 0.05163
1179.002 0.05126
1179.162 0.05132
1179.322 0.05057
1179.472 0.05165
1179.632 0.05041
1179.792 0.05042
1179.952 0.05016
1180.102 0.05071
1180.262 0.04949
1180.422 0.04978
1180.582 0.04948
1180.732 0.05024
1180.892 0.04937
1181.042 0.05051
1181.202 0.05058
1181.362 0.05119
1181.522 0.05023
1181.672 0.05136
1181.832 0.05102
1181.992 0.05117
1182.152 0.05075
1182.302 0.05173
1182.462 0.05032
1182.622 0.05015
1182.782 0.04963
1182.932 0.05054
1183.092 0.04943
1183.252 0.04969
1183.412 0.04966
1183.562 0.05048
1183.722 0.04944
1183.872 0.05045
1184.032 0.0506
1184.192 0.05126
1184.352 0.05039
1184.502 0.05153
1184.662 0.05127
1184.822 0.05168
1184.982 0.05102
1185.132 0.05227
1185.292 0.05107
1185.452 0.05077
1185.612 0.05045
1185.762 0.05136
1185.922 0.05006
1186.082 0.05026
1186.242 0.05008
1186.392 0.05095
1186.552 0.04987
1186.702 0.05105
1186.862 0.0512
1187.022 0.05194
1187.182 0.05102
1187.332 0.0522
1187.492 0.0521
1187.652 0.05226
1187.812 0.05152
1187.962 0.05266
1188.122 0.0522
1188.282 0.05239
1188.442 0.05177
1188.592 0.05267
1188.752 0.05145
1188.912 0.05159
1189.072 0.05132
1189.222 0.05208
1189.382 0.05096
1189.532 0.05197
1189.692 0.05235
1189.852 0.05284
1190.012 0.05213
1190.162 0.05342
1190.322 0.0532
1190.482 0.05357
1190.642 0.05271
1190.792 0.05384
1190.952 0.05343
1191.112 0.0532
1191.272 0.05261
1191.422 0.05342
1191.582 0.05215
1191.742 0.05224
1191.902 0.05184
1192.052 0.05249
1192.212 0.05155
1192.372 0.05208
1192.532 0.05221
1192.682 0.05304
1192.842 0.05216
1192.992 0.05342
1193.152 0.05329
1193.312 0.05345
1193.472 0.05278
1193.622 0.05393
1193.782 0.05339
1193.942 0.05365
1194.102 0.05288
1194.252 0.05359
1194.412 0.05241
1194.572 0.05246
1194.732 0.05196
1194.882 0.05279
1195.042 0.05155
1195.202 0.0519
1195.362 0.05202
1195.512 0.05247
1195.672 0.05166
1195.822 0.05299
1195.982 0.05279
1196.142 0.05332
1196.302 0.05246
1196.452 0.05346
1196.612 0.05308
1196.772 0.053
1196.932 0.05216
1197.082 0.053
1197.242 0.05177
1197.402 0.05176
1197.562 0.05125
1197.712 0.05197
1197.872 0.05083
1198.032 0.05116
1198.192 0.05096
1198.342 0.0517
1198.502 0.05063
1198.652 0.05179
1198.812 0.05194
1198.972 0.05211
1199.132 0.05129
1199.282 0.05237
1199.442 0.05197
1199.602 0.05211
1199.762 0.05137
1199.912 0.05228
1200.072 0.05098
1200.232 0.05081
1200.392 0.05021
1200.542 0.05106
1200.702 0.04986
1200.862 0.04995
1201.022 0.04994
1201.172 0.05054
1201.332 0.04953
1201.482 0.05082
1201.642 0.05084
1201.802 0.05153
1201.962 0.05061
1202.112 0.0518
1202.272 0.05165
1202.432 0.05183
1202.592 0.05099
1202.742 0.05194
1202.902 0.05089
1203.062 0.05074
1203.222 0.05049
1203.372 0.05129
1203.532 0.0501
1203.692 0.05017
1203.852 0.05004
1204.002 0.05099
1204.162 0.04985
1204.312 0.05093
1204.472 0.05116
1204.632 0.05169
1204.792 0.05074
1204.942 0.05198
1205.102 0.05179
1205.262 0.05217
1205.422 0.05156
1205.572 0.05234
1205.732 0.05175
1205.892 0.05174
1206.052 0.05095
1206.202 0.05174
1206.362 0.05039
1206.522 0.05059
1206.682 0.05053
1206.832 0.05117
1206.992 0.05006
1207.142 0.05127
1207.302 0.0514
1207.462 0.05201
1207.622 0.05122
1207.772 0.0524
1207.932 0.05225
1208.092 0.05244
1208.252 0.05155
1208.402 0.05278
1208.562 0.05239
1208.722 0.05228
1208.882 0.0517
1209.032 0.0524
1209.192 0.05099
1209.352 0.05112
1209.512 0.05067
1209.662 0.0515
1209.822 0.05044
1209.982 0.05094
1210.142 0.0512
1210.292 0.05166
1210.452 0.05078
1210.602 0.05199
1210.762 0.05186
1210.922 0.05235
1211.082 0.05165
1211.232 0.0526
1211.392 0.05212
1211.552 0.05214
1211.712 0.05128
1211.862 0.05215
1212.022 0.05095
1212.182 0.051
1212.342 0.05098
1212.492 0.05163
1212.652 0.0507
1212.812 0.05108
1212.972 0.05102
1213.122 0.05166
1213.282 0.05091
1213.432 0.05205
1213.592 0.05189
1213.752 0.05227
1213.912 0.05137
1214.062 0.05244
1214.222 0.05209
1214.382 0.0521
1214.542 0.05159
1214.692 0.05234
1214.852 0.05095
1215.012 0.05086
1215.172 0.05026
1215.322 0.05117
1215.482 0.05003
1215.642 0.05034
1215.802 0.05041
1215.952 0.05113
1216.112 0.05037
1216.262 0.05143
1216.422 0.05126
1216.582 0.05153
1216.742 0.05067
1216.892 0.05152
1217.052 0.05114
1217.212 0.05112
1217.372 0.05018
1217.522 0.05123
1217.682 0.05006
1217.842 0.04997
1218.002 0.04961
1218.152 0.05037
1218.312 0.04916
1218.472 0.04934
1218.632 0.04922
1218.782 0.04994
1218.942 0.0491
1219.092 0.05015
1219.252 0.05005
1219.412 0.05053
1219.572 0.04961
1219.722 0.05074
1219.882 0.05052
1220.042 0.05065
1220.202 0.04994
1220.352 0.05081
1220.512 0.04941
1220.672 0.04938
1220.832 0.04899
1220.982 0.05002
1221.142 0.0488
1221.302 0.04901
1221.462 0.04916
1221.612 0.04991
1221.772 0.04872
1221.922 0.04979
1222.082 0.05002
1222.242 0.0506
1222.402 0.04975
1222.552 0.051
1222.712 0.05076
1222.872 0.05109
1223.032 0.05023
1223.182 0.05131
1223.342 0.05104
1223.502 0.05084
1223.662 0.05071
1223.812 0.05153
1223.972 0.05021
1224.132 0.05028
1224.292 0.04993
1224.442 0.05073
1224.602 0.04967
1224.752 0.0509
1224.912 0.05105
1225.072 0.05173
1225.232 0.05069
1225.382 0.05183
1225.542 0.05175
1225.702 0.05186
1225.862 0.0511
1226.012 0.05207
1226.172 0.0515
1226.332 0.05163
1226.492 0.05104
1226.642 0.05184
1226.802 0.05065
1226.962 0.0508
1227.122 0.05067
1227.272 0.05136
1227.432 0.05027
1227.592 0.05074
1227.752 0.05071
1227.902 0.05121
1228.062 0.05026
1228.212 0.05158
1228.372 0.05139
1228.532 0.05189
1228.692 0.05112
1228.842 0.05224
1229.002 0.05175
1229.162 0.05163
1229.322 0.05107
1229.472 0.05182
1229.632 0.05043
1229.792 0.0504
1229.952 0.05007
1230.102 0.05083
1230.262 0.04988
1230.422 0.05027
1230.582 0.05046
1230.732 0.05124
1230.892 0.0503
1231.042 0.05139
1231.202 0.05145
1231.362 0.05173
1231.522 0.05095
1231.672 0.052
1231.832 0.05159
1231.992 0.05179
1232.152 0.05106
1232.302 0.05193
1232.462 0.05072
1232.622 0.0508
1232.782 0.05056
1232.932 0.05133
1233.092 0.05016
1233.252 0.0504
1233.412 0.05033
1233.562 0.05093
1233.722 0.04992
1233.872 0.05115
1234.032 0.05103
1234.192 0.05151
1234.352 0.05055
1234.502 0.05162
1234.662 0.05135
1234.822 0.05122
1234.982 0.05064
1235.132 0.05166
1235.292 0.05034
1235.452 0.05018
1235.612 0.04986
1235.762 0.0507
1235.922 0.04949
1236.082 0.04971
1236.242 0.04966
1236.392 0.05052
1236.552 0.04951
1236.702 0.05024
1236.862 0.05033
1237.022 0.05056
1237.182 0.04976
1237.332 0.05095
1237.492 0.05063
1237.652 0.05084
1237.812 0.05008
1237.962 0.05106
1238.122 0.04969
1238.282 0.04949
1238.442 0.04907
1238.592 0.04991
1238.752 0.04878
1238.912 0.04895
1239.072 0.04884
1239.222 0.04948
1239.382 0.04837
1239.532 0.04958
1239.692 0.04966
1239.852 0.05024
1240.012 0.04938
1240.162 0.05052
1240.322 0.05021
1240.482 0.0502
1240.642 0.04954
1240.792 0.05061
1240.952 0.05003
1241.112 0.05007
1241.272 0.04971
1241.422 0.05048
1241.582 0.04916
1241.742 0.04927
1241.902 0.04899
1242.052 0.04974
1242.212 0.04863
1242.362 0.04977
1242.522 0.04991
1242.682 0.05039
1242.842 0.04941
1242.992 0.0507
1243.152 0.05058
1243.312 0.05093
1243.472 0.05021
1243.622 0.05123
1243.782 0.05074
1243.942 0.05059
1244.102 0.04998
1244.252 0.05086
1244.412 0.04977
1244.572 0.04973
1244.732 0.04963
1244.882 0.05032
1245.042 0.04921
1245.192 0.05032
1245.352 0.05049
1245.512 0.05111
1245.672 0.05015
1245.822 0.05126
1245.982 0.05101
1246.142 0.05119
1246.302 0.05039
1246.452 0.0515
1246.612 0.05106
1246.772 0.051
1246.932 0.05069
1247.082 0.05157
1247.242 0.0503
1247.402 0.05028
1247.562 0.04993
1247.712 0.05065
1247.872 0.04951
1248.022 0.0505
1248.182 0.05085
1248.342 0.05149
1248.502 0.05065
1248.652 0.05196
1248.812 0.05178
1248.972 0.05195
1249.132 0.05107
1249.282 0.05203
1249.442 0.05142
1249.602 0.0514
1249.762 0.05065
1249.912 0.05147
1250.072 0.05025
1250.232 0.05015
1250.392 0.05001
1250.542 0.05061
1250.702 0.04951
1250.852 0.05059
1251.012 0.05087
1251.172 0.05132
1251.332 0.05054
1251.482 0.05171
1251.642 0.0515
1251.802 0.05174
1251.962 0.05086
1252.112 0.05175
1252.272 0.05115
1252.432 0.05116
1252.592 0.05076
1252.742 0.05155
1252.902 0.05018
1253.062 0.05005
1253.222 0.04968
1253.372 0.05037
1253.532 0.04934
1253.682 0.05035
1253.842 0.05074
1254.002 0.05134
1254.162 0.05031
1254.312 0.05138
1254.472 0.05126
1254.632 0.05152
1254.792 0.05078
1254.942 0.0519
1255.102 0.05139
1255.262 0.05164
1255.422 0.05088
1255.572 0.05169
1255.732 0.05022
1255.892 0.05008
1256.052 0.04977
1256.202 0.05053
1256.362 0.04927
1256.512 0.05008
1256.672 0.05019
1256.832 0.05062
1256.992 0.04965
1257.142 0.05083
1257.302 0.05073
1257.462 0.05129
1257.622 0.05036
1257.772 0.05121
1257.932 0.0507
1258.092 0.05073
1258.252 0.0503
1258.402 0.05123
1258.562 0.05001
1258.722 0.04976
1258.882 0.04943
1259.032 0.05011
1259.192 0.04893
1259.352 0.04929
1259.512 0.04942
1259.662 0.05012
1259.822 0.04905
1259.972 0.05001
1260.132 0.05002
1260.292 0.05027
1260.452 0.04943
1260.602 0.05057
1260.762 0.05011
1260.922 0.0502
1261.082 0.04957
1261.232 0.05055
1261.392 0.0492
1261.552 0.04907
1261.712 0.04876
1261.862 0.04953
1262.022 0.0481
1262.182 0.04829
1262.342 0.04848
1262.492 0.0491
1262.652 0.04823
1262.802 0.04953
1262.962 0.04959
1263.122 0.05016
1263.282 0.04927
1263.432 0.05034
1263.592 0.04995
1263.752 0.05011
1263.912 0.04948
1264.062 0.05042
1264.222 0.04906
1264.382 0.04878
1264.542 0.04874
1264.692 0.04942
1264.852 0.04834
1265.012 0.04881
1265.172 0.04891
1265.322 0.04962
1265.482 0.04865
1265.632 0.04965
1265.792 0.04966
1265.952 0.04993
1266.112 0.04907
1266.262 0.05024
1266.422 0.04998
1266.582 0.04997
1266.742 0.04947
1266.892 0.05036
1267.052 0.04909
1267.212 0.04888
1267.372 0.04846
1267.522 0.04923
1267.682 0.04797
1267.842 0.04821
1268.002 0.04847
1268.152 0.04911
1268.312 0.04805
1268.462 0.04922
1268.622 0.04918
1268.782 0.04964
1268.942 0.04882
1269.092 0.0499
1269.252 0.04949
1269.412 0.04984
1269.572 0.04911
1269.722 0.05001
1269.882 0.0487
1270.042 0.0486
1270.202 0.04829
1270.352 0.04891
1270.512 0.04766
1270.672 0.04803
1270.832 0.04795
1270.982 0.04857
1271.142 0.04754
1271.292 0.04865
1271.452 0.04862
1271.612 0.04901
1271.772 0.04796
1271.922 0.04894
1272.082 0.04856
1272.242 0.0487
1272.402 0.04821
1272.552 0.04916
1272.712 0.04844
1272.872 0.04855
1273.032 0.04815
1273.182 0.04885
1273.342 0.04758
1273.502 0.04777
1273.662 0.04799
1273.812 0.04887
1273.972 0.0478
1274.122 0.04895
1274.282 0.04907
1274.442 0.04937
1274.602 0.04843
1274.752 0.04952
1274.912 0.04911
1275.072 0.04939
1275.232 0.04865
1275.382 0.04964
1275.542 0.04906
1275.702 0.04899
1275.862 0.04883
1276.012 0.0497
1276.172 0.04843
1276.332 0.04852
1276.492 0.04855
1276.642 0.04917
1276.802 0.04815
1276.952 0.04923
1277.112 0.04927
1277.272 0.04997
1277.432 0.0491
1277.582 0.04984
1277.742 0.04953
1277.902 0.04965
1278.062 0.04893
1278.212 0.04979
1278.372 0.04922
1278.532 0.04933
1278.692 0.04891
1278.842 0.04963
1279.002 0.04843
1279.162 0.04864
1279.322 0.04877
1279.472 0.04956
1279.632 0.04841
1279.782 0.04935
1279.942 0.04951
1280.102 0.04972
1280.262 0.0487
1280.412 0.04983
1280.572 0.0495
1280.732 0.04984
1280.892 0.04919
1281.042 0.05005
1281.202 0.04931
1281.362 0.04917
1281.522 0.04886
1281.672 0.04975
1281.832 0.04846
1281.992 0.04862
1282.152 0.04887
1282.302 0.04952
1282.462 0.0485
1282.612 0.0497
1282.772 0.04971
1282.932 0.05026
1283.092 0.04946
1283.242 0.05048
1283.402 0.04996
1283.562 0.05033
1283.722 0.04977
1283.872 0.05066
1284.032 0.04994
1284.192 0.04996
1284.352 0.04961
1284.502 0.05035
1284.662 0.04913
1284.822 0.04947
1284.982 0.04953
1285.132 0.05031
1285.292 0.04914
1285.442 0.05005
1285.602 0.04997
1285.762 0.05039
1285.922 0.04943
1286.072 0.05052
1286.232 0.05001
1286.392 0.05025
1286.552 0.04965
1286.702 0.05061
1286.862 0.04992
1287.022 0.04966
1287.182 0.04906
1287.332 0.04971
1287.492 0.04852
1287.652 0.04854
1287.812 0.04883
1287.962 0.04954
1288.122 0.04847
1288.272 0.04943
1288.432 0.04921
1288.592 0.04941
1288.752 0.04842
1288.902 0.04935
1289.062 0.04884
1289.222 0.04908
1289.382 0.04828
1289.532 0.04913
1289.692 0.04847
1289.852 0.04836
1290.012 0.04815
1290.162 0.049
1290.322 0.04779
1290.482 0.04782
1290.642 0.04773
1290.792 0.04813
1290.952 0.0474
1291.102 0.04841
1291.262 0.04829
1291.422 0.04894
1291.582 0.04792
1291.732 0.04882
1291.892 0.04827
1292.052 0.04863
1292.212 0.04803
1292.362 0.04905
1292.522 0.04854
1292.682 0.04859
1292.842 0.04817
1292.992 0.0489
1293.152 0.04759
1293.312 0.04782
1293.472 0.04797
1293.622 0.04883
1293.782 0.04761
1293.932 0.04863
1294.092 0.04851
1294.252 0.04886
1294.412 0.048
1294.562 0.04928
1294.722 0.04904
1294.882 0.04936
1295.042 0.04865
1295.192 0.04958
1295.352 0.0489
1295.512 0.04874
1295.672 0.04831
1295.822 0.04922
1295.982 0.0479
1296.142 0.04801
1296.302 0.04822
1296.452 0.0489
1296.612 0.04795
1296.762 0.04905
1296.922 0.04914
1297.082 0.04962
1297.242 0.04868
1297.392 0.04967
1297.552 0.04925
1297.712 0.04955
1297.872 0.04889
1298.022 0.04988
1298.182 0.0493
1298.342 0.04926
1298.502 0.04884
1298.652 0.0496
1298.812 0.04845
1298.972 0.04873
1299.132 0.04868
1299.282 0.04944
1299.442 0.04837
1299.592 0.04935
1299.752 0.04937
1299.912 0.0498
1300.072 0.04899
1300.222 0.05026
1300.382 0.05009
1300.542 0.0504
1300.702 0.04985
1300.852 0.05071
1301.012 0.05008
1301.172 0.04992
1301.332 0.04952
1301.482 0.05037
1301.642 0.04923
1301.802 0.04942
1301.962 0.04977
1302.112 0.05055
1302.272 0.04969
1302.422 0.05088
1302.582 0.05018
1302.742 0.05063
1302.902 0.04989
1303.052 0.05098
1303.212 0.05061
1303.372 0.05077
1303.532 0.04998
1303.682 0.05082
1303.842 0.05044
1304.002 0.05035
1304.162 0.05017
1304.312 0.0509
1304.472 0.04959
1304.632 0.04987
1304.792 0.04977
1304.942 0.05047
1305.102 0.04931
1305.252 0.05044
1305.412 0.05039
1305.572 0.05079
1305.732 0.04974
1305.882 0.05072
1306.042 0.05036
1306.202 0.0506
1306.362 0.05
1306.512 0.05097
1306.672 0.05021
1306.832 0.05028
1306.992 0.0498
1307.142 0.05065
1307.302 0.04955
1307.462 0.04981
1307.622 0.04976
1307.772 0.05053
1307.932 0.04926
1308.082 0.05018
1308.242 0.05009
1308.402 0.05038
1308.562 0.04946
1308.712 0.05049
1308.872 0.05004
1309.032 0.05053
1309.192 0.04977
1309.342 0.05065
1309.502 0.04988
1309.662 0.04969
1309.822 0.04935
1309.972 0.05028
1310.132 0.04903
1310.292 0.04907
1310.452 0.04924
1310.602 0.04989
1310.762 0.0488
1310.912 0.04958
1311.072 0.04957
1311.232 0.05018
1311.392 0.0493
1311.542 0.05027
1311.702 0.04984
1311.862 0.05005
1312.022 0.04951
1312.172 0.05047
1312.332 0.04992
1312.492 0.0501
1312.652 0.04975
1312.802 0.05034
1312.962 0.04908
1313.122 0.04931
1313.282 0.04945
1313.432 0.05024
1313.592 0.04899
1313.742 0.04989
1313.902 0.04985
1314.062 0.05023
1314.222 0.04926
1314.372 0.05045
1314.532 0.05027
1314.692 0.05058
1314.852 0.04968
1315.002 0.05041
1315.162 0.04974
1315.322 0.04965
1315.482 0.04928
1315.632 0.05006
1315.792 0.04882
1315.952 0.0496
1316.112 0.04982
1316.262 0.05042
1316.422 0.0492
1316.572 0.05033
1316.732 0.05038
1316.892 0.05106
1317.052 0.05029
1317.202 0.05102
1317.362 0.05061
1317.522 0.05098
1317.682 0.05036
1317.832 0.05143
1317.992 0.0509
1318.152 0.05095
1318.312 0.05076
1318.462 0.05154
1318.622 0.0503
1318.782 0.05041
1318.942 0.05049
1319.092 0.0514
1319.252 0.05026
1319.402 0.05121
1319.562 0.0511
1319.722 0.05146
1319.882 0.05046
1320.032 0.05154
1320.192 0.05114
1320.352 0.05136
1320.512 0.05064
1320.662 0.05121
1320.822 0.05045
1320.982 0.0506
1321.142 0.05009
1321.292 0.0509
1321.452 0.04975
1321.612 0.04988
1321.772 0.05004
1321.922 0.05071
1322.082 0.04963
1322.232 0.0507
1322.392 0.05045
1322.552 0.05084
1322.712 0.04993
1322.862 0.05089
1323.022 0.05037
1323.182 0.05057
1323.342 0.0496
1323.492 0.05044
1323.652 0.04982
1323.812 0.04974
1323.972 0.04956
1324.122 0.05023
1324.282 0.0493
1324.432 0.05008
1324.592 0.05041
1324.752 0.05091
1324.912 0.04981
1325.062 0.05082
1325.222 0.05073
1325.382 0.05108
1325.542 0.0503
1325.692 0.05124
1325.852 0.05074
1326.012 0.05083
1326.172 0.05032
1326.322 0.0511
1326.482 0.05033
1326.642 0.05029
1326.802 0.04961
1326.952 0.05043
1327.112 0.04918
1327.262 0.04995
1327.422 0.05024
1327.582 0.05061
1327.742 0.04948
1327.892 0.05028
1328.052 0.05027
1328.212 0.05078
1328.372 0.04988
1328.522 0.05084
1328.682 0.05028
1328.842 0.05056
1329.002 0.04965
1329.152 0.05051
1329.312 0.04988
1329.472 0.04968
1329.632 0.04937
1329.782 0.05019
1329.942 0.04909
1330.102 0.04904
1330.262 0.0489
1330.412 0.04937
1330.572 0.04833
1330.722 0.04936
1330.882 0.04916
1331.042 0.04961
1331.202 0.04862
1331.352 0.04953
1331.512 0.04916
1331.672 0.0493
1331.832 0.04868
1331.982 0.04943
1332.142 0.04874
1332.302 0.04885
1332.462 0.04831
1332.612 0.04911
1332.772 0.04782
1332.932 0.04803
1333.092 0.04836
1333.242 0.0491
1333.402 0.04802
1333.552 0.04906
1333.712 0.04909
1333.872 0.0495
1334.032 0.04883
1334.182 0.0499
1334.342 0.04936
1334.502 0.04977
1334.662 0.04915
1334.812 0.04988
1334.972 0.04933
1335.132 0.04928
1335.292 0.04912
1335.442 0.04991
1335.602 0.04862
1335.762 0.04893
1335.922 0.04903
1336.072 0.04978
1336.232 0.04897
1336.382 0.05014
1336.542 0.04998
1336.702 0.05062
1336.862 0.04974
1337.012 0.05077
1337.172 0.05047
1337.332 0.05056
1337.492 0.05006
1337.642 0.05089
1337.802 0.0496
1337.962 0.04935
1338.122 0.04895
1338.272 0.04965
1338.432 0.04839
1338.592 0.04866
1338.752 0.04884
1338.902 0.04945
1339.062 0.04845
1339.212 0.04951
1339.372 0.04971
1339.532 0.05011
1339.692 0.04947
1339.842 0.05068
1340.002 0.0503
1340.162 0.05078
1340.322 0.05008
1340.472 0.05104
1340.632 0.04984
1340.792 0.04962
1340.952 0.04968
1341.102 0.0505
1341.262 0.04924
1341.422 0.04945
1341.582 0.04962
1341.732 0.05039
1341.892 0.04942
1342.042 0.05061
1342.202 0.05055
1342.362 0.05121
1342.522 0.05029
1342.672 0.0513
1342.832 0.05094
1342.992 0.05094
1343.152 0.0503
1343.302 0.05091
1343.462 0.05047
1343.622 0.05052
1343.782 0.05019
1343.932 0.05095
1344.092 0.04973
1344.252 0.04987
1344.412 0.0499
1344.562 0.05072
1344.722 0.04975
1344.872 0.05057
1345.032 0.05061
1345.192 0.05097
1345.352 0.0501
1345.502 0.05129
1345.662 0.05084
1345.822 0.05118
1345.982 0.05047
1346.132 0.0514
1346.292 0.05072
1346.452 0.05052
1346.612 0.0501
1346.762 0.05103
1346.922 0.04979
1347.082 0.04997
1347.242 0.05006
1347.392 0.05051
1347.552 0.04949
1347.702 0.05083
1347.862 0.05082
1348.022 0.05135
1348.182 0.05051
1348.332 0.05145
1348.492 0.05107
1348.652 0.05119
1348.812 0.0505
1348.962 0.05148
1349.122 0.05094
1349.282 0.05089
1349.442 0.05053
1349.592 0.05114
1349.752 0.04996
1349.912 0.05024
1350.072 0.05015
1350.222 0.05089
1350.382 0.04972
1350.532 0.05062
1350.692 0.05064
1350.852 0.05107
1351.012 0.05012
1351.162 0.05128
1351.322 0.05089
1351.482 0.05131
1351.642 0.05068
1351.792 0.05165
1351.952 0.05089
1352.112 0.05083
1352.272 0.05028
1352.422 0.05117
1352.582 0.05007
1352.742 0.05003
1352.902 0.05014
1353.052 0.05072
1353.212 0.04972
1353.362 0.05087
1353.522 0.05097
1353.682 0.05153
1353.842 0.05056
1353.992 0.05159
1354.152 0.05115
1354.312 0.05132
1354.472 0.05045
1354.622 0.05152
1354.782 0.05095
1354.942 0.05081
1355.102 0.05036
1355.252 0.05098
1355.412 0.04966
1355.572 0.04972
1355.732 0.04942
1355.882 0.05008
1356.042 0.04893
1356.192 0.04993
1356.352 0.05013
1356.512 0.05051
1356.672 0.0497
1356.822 0.05069
1356.982 0.05041
1357.142 0.05078
1357.302 0.05021
1357.452 0.05126
1357.612 0.05059
1357.772 0.05062
1357.932 0.04993
1358.082 0.05074
1358.242 0.04963
1358.402 0.04957
1358.562 0.04971
1358.712 0.05057
1358.872 0.04953
1359.022 0.05055
1359.182 0.05071
1359.342 0.05104
1359.502 0.05016
1359.652 0.05131
1359.812 0.05099
1359.972 0.05129
1360.132 0.05044
1360.282 0.05125
1360.442 0.05072
1360.602 0.0508
1360.762 0.05059
1360.912 0.05111
1361.072 0.04967
1361.232 0.04972
1361.392 0.04955
1361.542 0.05027
1361.702 0.04926
1361.852 0.05039
1362.012 0.05053
1362.172 0.05115
1362.332 0.05024
1362.482 0.0512
1362.642 0.05102
1362.802 0.05114
1362.962 0.05047
1363.112 0.05148
1363.272 0.05096
1363.432 0.05111
1363.592 0.05056
1363.742 0.05146
1363.902 0.05016
1364.062 0.05026
1364.222 0.05003
1364.372 0.051
1364.532 0.0498
1364.692 0.0503
1364.852 0.0504
1365.002 0.05103
1365.162 0.05011
1365.312 0.05148
1365.472 0.05136
1365.632 0.05192
1365.792 0.05089
1365.942 0.05175
1366.102 0.05128
1366.262 0.05121
1366.422 0.05061
1366.572 0.05146
1366.732 0.05023
1366.892 0.05017
1367.052 0.05011
1367.202 0.05095
1367.362 0.04974
1367.522 0.05033
1367.682 0.05037
1367.832 0.05121
1367.992 0.05031
1368.142 0.05138
1368.302 0.05139
1368.462 0.05179
1368.622 0.05112
1368.772 0.05228
1368.932 0.05208
1369.092 0.05239
1369.252 0.05188
1369.402 0.05287
1369.562 0.05167
1369.722 0.05172
1369.882 0.05165
1370.032 0.05267
1370.192 0.05152
1370.352 0.05176
1370.512 0.0518
1370.662 0.05227
1370.822 0.0512
1370.972 0.05265
1371.132 0.05265
1371.292 0.05318
1371.452 0.05227
1371.602 0.05327
1371.762 0.05298
1371.922 0.05298
1372.082 0.05227
1372.232 0.05324
1372.392 0.05218
1372.552 0.05195
1372.712 0.05198
1372.862 0.05287
1373.022 0.05176
1373.182 0.05231
1373.342 0.05231
1373.492 0.05294
1373.652 0.05204
1373.802 0.05308
1373.962 0.05302
1374.122 0.05339
1374.282 0.05277
1374.432 0.0539
1374.592 0.05365
1374.752 0.05377
1374.912 0.05325
1375.062 0.0542
1375.222 0.053
1375.382 0.05299
1375.542 0.05269
1375.692 0.05364
1375.852 0.05249
1376.012 0.05293
1376.172 0.05316
1376.322 0.05397
1376.482 0.05282
1376.632 0.05395
1376.792 0.05397
1376.952 0.05454
1377.112 0.05372
1377.262 0.05491
1377.422 0.05457
1377.582 0.0549
1377.742 0.05406
1377.892 0.05516
1378.052 0.05444
1378.212 0.05439
1378.372 0.05409
1378.522 0.05509
1378.682 0.05382
1378.842 0.05411
1379.002 0.05393
1379.152 0.0547
1379.312 0.05367
1379.462 0.05486
1379.622 0.05504
1379.782 0.05574
1379.942 0.05466
1380.092 0.05571
1380.252 0.05537
1380.412 0.05552
1380.572 0.05496
1380.722 0.0563
1380.882 0.0557
1381.042 0.05577
1381.202 0.05521
1381.352 0.05576
1381.512 0.05442
1381.672 0.05455
1381.832 0.05447
1381.982 0.05538
1382.142 0.05427
1382.292 0.05518
1382.452 0.05503
1382.612 0.0555
1382.772 0.05456
1382.922 0.05573
1383.082 0.05558
1383.242 0.05587
1383.402 0.05496
1383.552 0.05592
1383.712 0.05541
1383.872 0.05535
1384.032 0.05505
1384.182 0.05606
1384.342 0.05463
1384.502 0.05467
1384.662 0.05459
1384.812 0.05517
1384.972 0.05424
1385.122 0.05529
1385.282 0.05547
1385.442 0.05615
1385.602 0.05515
1385.752 0.05605
1385.912 0.05578
1386.072 0.05589
1386.232 0.05495
1386.382 0.0561
1386.542 0.05543
1386.702 0.05542
1386.862 0.05511
1387.012 0.05601
1387.172 0.0547
1387.332 0.05486
1387.492 0.0546
1387.642 0.05543
1387.802 0.05429
1387.952 0.05518
1388.112 0.05515
1388.272 0.05564
1388.432 0.05459
1388.582 0.05558
1388.742 0.05532
1388.902 0.05541
1389.062 0.05453
1389.212 0.05553
1389.372 0.05482
1389.532 0.05474
1389.692 0.05419
1389.842 0.05511
1390.002 0.05371
1390.162 0.05363
1390.322 0.05357
1390.472 0.05423
1390.632 0.05307
1390.782 0.05409
1390.942 0.05419
1391.102 0.05469
1391.262 0.05352
1391.412 0.05453
1391.572 0.05425
1391.732 0.05455
1391.892 0.05359
1392.042 0.05459
1392.202 0.05388
1392.362 0.05374
1392.522 0.05317
1392.672 0.05406
1392.832 0.05273
1392.992 0.05272
1393.152 0.05232
1393.302 0.05295
1393.462 0.05174
1393.622 0.05208
1393.782 0.05198
1393.932 0.05258
1394.092 0.05143
1394.242 0.05213
1394.402 0.05191
1394.562 0.05209
1394.722 0.05134
1394.872 0.0526
1395.032 0.05228
1395.192 0.05234
1395.352 0.05165
1395.502 0.05251
1395.662 0.05122
1395.822 0.05124
1395.982 0.0509
1396.132 0.05178
1396.292 0.05055
1396.452 0.05067
1396.612 0.05067
1396.762 0.0511
1396.922 0.05018
1397.072 0.05133
1397.232 0.05134
1397.392 0.0517
1397.552 0.05071
1397.702 0.05166
1397.862 0.0512
1398.022 0.05119
1398.182 0.0506
1398.332 0.05151
1398.492 0.05026
1398.652 0.05008
1398.812 0.04964
1398.962 0.05031
1399.122 0.04917
1399.282 0.04974
1399.442 0.04968
1399.592 0.05051
1399.752 0.04939
1399.902 0.05031
1400.062 0.05029
1400.222 0.05064
1400.382 0.04976
1400.532 0.05099
1400.692 0.05067
1400.852 0.05083
1401.012 0.05016
1401.162 0.05125
1401.322 0.04987
1401.482 0.04994
1401.642 0.04957
1401.792 0.05039
1401.952 0.04921
1402.112 0.04945
1402.272 0.04952
1402.422 0.05021
1402.582 0.04923
1402.732 0.05029
1402.892 0.05037
1403.052 0.05066
1403.212 0.04975
1403.362 0.05099
1403.522 0.05072
1403.682 0.05067
1403.842 0.05014
1403.992 0.05111
1404.152 0.04997
1404.312 0.04988
1404.472 0.04951
1404.622 0.05045
1404.782 0.0494
1404.942 0.04976
1405.102 0.04951
1405.252 0.05014
1405.412 0.04906
1405.562 0.05024
1405.722 0.05052
1405.882 0.05114
1406.042 0.05025
1406.192 0.05137
1406.352 0.05096
1406.512 0.05121
1406.672 0.05075
1406.822 0.05191
1406.982 0.05145
1407.142 0.05149
1407.302 0.05104
1407.452 0.05172
1407.612 0.05081
1407.772 0.05109
1407.932 0.05113
1408.082 0.05208
1408.242 0.05096
1408.392 0.05196
1408.552 0.05193
1408.712 0.05234
1408.872 0.0515
1409.022 0.05269
1409.182 0.05263
1409.342 0.05291
1409.502 0.05211
1409.652 0.05316
1409.812 0.0526
1409.972 0.05245
1410.132 0.05206
1410.282 0.05314
1410.442 0.05184
1410.602 0.05185
1410.762 0.05174
1410.912 0.05221
1411.072 0.05118
1411.222 0.05225
1411.382 0.05255
1411.542 0.05313
1411.702 0.05214
1411.852 0.05324
1412.012 0.05304
1412.172 0.05341
1412.332 0.05262
1412.482 0.05354
1412.642 0.05282
1412.802 0.05296
1412.962 0.05228
1413.112 0.053
1413.272 0.05189
1413.432 0.05208
1413.592 0.05168
1413.742 0.0523
1413.902 0.05117
1414.052 0.05208
1414.212 0.05229
1414.372 0.05292
1414.532 0.05179
1414.682 0.05309
1414.842 0.05277
1415.002 0.05297
1415.162 0.05212
1415.312 0.05326
1415.472 0.05276
1415.632 0.0528
1415.792 0.05229
1415.942 0.05311
1416.102 0.0519
1416.262 0.05177
1416.422 0.05156
1416.572 0.05255
1416.732 0.05129
1416.882 0.05227
1417.042 0.05241
1417.202 0.05295
1417.362 0.05194
1417.512 0.05316
1417.672 0.05299
1417.832 0.05338
1417.992 0.05267
1418.142 0.05371
1418.302 0.05314
1418.462 0.05319
1418.622 0.05269
1418.772 0.0537
1418.932 0.0526
1419.092 0.05255
1419.252 0.05242
1419.402 0.05318
1419.562 0.052
1419.722 0.05242
1419.882 0.05243
1420.032 0.0532
1420.192 0.05219
1420.342 0.05304
1420.502 0.05284
1420.662 0.05306
1420.822 0.05233
1420.972 0.05351
1421.132 0.05315
1421.292 0.05307
1421.452 0.05243
1421.602 0.05314
1421.762 0.05189
1421.922 0.05206
1422.082 0.05173
1422.232 0.05244
1422.392 0.05128
1422.552 0.05143
1422.712 0.05154
1422.862 0.05218
1423.022 0.05126
1423.172 0.05239
1423.332 0.05243
1423.492 0.05269
1423.652 0.05166
1423.802 0.05283
1423.962 0.05247
1424.122 0.05263
1424.282 0.0523
1424.432 0.05318
1424.592 0.05183
1424.752 0.05161
1424.912 0.05132
1425.062 0.05227
1425.222 0.05105
1425.382 0.0514
1425.542 0.05144
1425.692 0.05208
1425.852 0.05117
1426.002 0.05234
1426.162 0.05223
1426.322 0.05283
1426.482 0.05204
1426.632 0.05313
1426.792 0.05258
1426.952 0.05285
1427.112 0.05231
1427.262 0.05332
1427.422 0.05214
1427.582 0.05215
1427.742 0.05185
1427.892 0.0527
1428.052 0.05145
1428.212 0.05182
1428.372 0.05198
1428.522 0.05288
1428.682 0.05168
1428.832 0.05266
1428.992 0.0525
1429.152 0.05274
1429.312 0.05187
1429.462 0.05308
1429.622 0.05281
1429.782 0.05302
1429.942 0.05233
1430.092 0.0532
1430.252 0.05189
1430.412 0.05185
1430.572 0.05141
1430.722 0.05225
1430.882 0.05079
1431.042 0.05109
1431.202 0.05126
1431.352 0.0517
1431.512 0.05077
1431.662 0.05177
1431.822 0.05186
1431.982 0.05229
1432.142 0.05146
1432.292 0.05237
1432.452 0.05193
1432.612 0.05193
1432.772 0.05126
1432.922 0.05228
1433.082 0.05162
1433.242 0.05155
1433.402 0.05095
1433.552 0.05156
1433.712 0.05039
1433.872 0.05066
1434.032 0.05064
1434.182 0.05119
1434.342 0.05018
1434.492 0.05106
1434.652 0.0512
1434.812 0.05156
1434.972 0.05077
1435.122 0.05177
1435.282 0.05123
1435.442 0.05129
1435.602 0.05071
1435.752 0.05162
1435.912 0.05137
1436.072 0.05125
1436.232 0.05075
1436.382 0.05132
1436.542 0.05008
1436.702 0.05009
1436.862 0.05015
1437.012 0.05081
1437.172 0.04981
1437.322 0.05079
1437.482 0.05067
1437.642 0.05104
1437.802 0.05021
1437.952 0.05148
1438.112 0.05111
1438.272 0.0513
1438.432 0.05034
1438.582 0.05118
1438.742 0.05044
1438.902 0.05023
1439.062 0.04979
1439.212 0.05063
1439.372 0.04934
1439.532 0.04943
1439.692 0.0494
1439.842 0.05011
1440.002 0.04912
1440.152 0.05042
1440.312 0.05058
1440.472 0.05119
1440.632 0.05019
1440.782 0.05103
1440.942 0.05047
1441.102 0.05053
1441.262 0.04967
1441.412 0.05067
1441.572 0.05012
1441.732 0.05007
1441.892 0.0494
1442.042 0.05021
1442.202 0.04904
1442.362 0.04925
1442.522 0.04914
1442.672 0.04991
1442.832 0.04861
1442.982 0.04962
1443.142 0.04964
1443.302 0.04993
1443.462 0.04912
1443.612 0.05031
1443.772 0.04997
1443.932 0.05028
1444.092 0.04966
1444.242 0.05031
1444.402 0.04962
1444.562 0.0495
1444.722 0.0491
1444.872 0.04989
1445.032 0.04892
1445.192 0.04896
1445.352 0.04898
1445.502 0.04965
1445.662 0.04851
1445.812 0.04969
1445.972 0.04991
1446.132 0.05055
1446.292 0.04964
1446.442 0.05076
1446.602 0.05055
1446.762 0.05098
1446.922 0.05025
1447.072 0.05133
1447.232 0.0508
1447.392 0.05063
1447.552 0.05026
1447.702 0.05097
1447.862 0.04979
1448.022 0.04988
1448.182 0.04966
1448.332 0.05034
1448.492 0.04924
1448.642 0.05034
1448.802 0.05075
1448.962 0.05133
1449.122 0.05031
1449.272 0.05105
1449.432 0.051
1449.592 0.05137
1449.752 0.05073
1449.902 0.05181
1450.062 0.05141
1450.222 0.05165
1450.382 0.05117
1450.532 0.05197
1450.692 0.05081
1450.852 0.05075
1451.012 0.05082
1451.162 0.05171
1451.322 0.05039
1451.472 0.05133
1451.632 0.05164
1451.792 0.05237
1451.952 0.05149
1452.102 0.05266
1452.262 0.05265
1452.422 0.05326
1452.582 0.05262
1452.732 0.05369
1452.892 0.05339
1453.052 0.05337
1453.212 0.05277
1453.362 0.05375
1453.522 0.05241
1453.682 0.0524
1453.842 0.05207
1453.992 0.05271
1454.152 0.05171
1454.312 0.05223
1454.472 0.0525
1454.622 0.05334
1454.782 0.05239
1454.932 0.05347
1455.092 0.05332
1455.252 0.05368
1455.412 0.05315
1455.562 0.05433
1455.722 0.05402
1455.882 0.05417
1456.042 0.05345
1456.192 0.05444
1456.352 0.0531
1456.512 0.05294
1456.672 0.05278
1456.822 0.05366
1456.982 0.05243
1457.142 0.05278
1457.302 0.05298
1457.452 0.05337
1457.612 0.0528
1457.762 0.0539
1457.922 0.05384
1458.082 0.05435
1458.242 0.05332
1458.392 0.0541
1458.552 0.05361
1458.712 0.05353
1458.872 0.05286
1459.022 0.05393
1459.182 0.05261
1459.342 0.05229
1459.502 0.05186
1459.652 0.05245
1459.812 0.0513
1459.972 0.05165
1460.132 0.05149
1460.282 0.05222
1460.442 0.0512
1460.592 0.05218
1460.752 0.0523
1460.912 0.05251
1461.072 0.05168
1461.222 0.05285
1461.382 0.05252
1461.542 0.05275
1461.702 0.05222
1461.852 0.05324
1462.012 0.05197
1462.172 0.05176
1462.332 0.05134
1462.482 0.05228
1462.642 0.05106
1462.802 0.05124
1462.962 0.05128
1463.112 0.05183
1463.272 0.05098
1463.422 0.05206
1463.582 0.05197
1463.742 0.05252
1463.902 0.0515
1464.052 0.05246
1464.212 0.05223
1464.372 0.05217
1464.532 0.05132
1464.682 0.05244
1464.842 0.0514
1465.002 0.05104
1465.162 0.05066
1465.312 0.05146
1465.472 0.05034
1465.632 0.05044
1465.792 0.0501
1465.942 0.05058
1466.102 0.04946
1466.252 0.05035
1466.412 0.0503
1466.572 0.05082
1466.732 0.04987
1466.882 0.05091
1467.042 0.05062
1467.202 0.05083
1467.362 0.05004
1467.512 0.051
1467.672 0.05032
1467.832 0.05006
1467.992 0.0494
1468.142 0.05028
1468.302 0.04901
1468.462 0.04918
1468.622 0.04913
1468.772 0.04942
1468.932 0.04835
1469.082 0.04936
1469.242 0.04879
1469.402 0.04944
1469.562 0.04848
1469.712 0.04968
1469.872 0.0495
1470.032 0.04967
1470.192 0.04883
1470.342 0.04995
1470.502 0.04945
1470.662 0.04921
1470.822 0.04884
1470.972 0.04963
1471.132 0.04837
1471.292 0.0484
1471.452 0.04797
1471.602 0.04872
1471.762 0.04783
1471.922 0.04831
1472.082 0.04855
1472.232 0.04903
1472.392 0.04799
1472.542 0.04914
1472.702 0.04924
1472.862 0.04968
1473.022 0.04897
1473.172 0.04993
1473.332 0.04939
1473.492 0.04931
1473.652 0.0486
1473.802 0.04945
1473.962 0.04836
1474.122 0.04851
1474.282 0.04845
1474.432 0.04921
1474.592 0.04817
1474.752 0.0485
1474.912 0.04841
1475.062 0.04901
1475.222 0.04799
1475.372 0.04908
1475.532 0.04902
1475.692 0.0494
1475.852 0.04849
1476.002 0.04988
1476.162 0.04945
1476.322 0.04936
1476.482 0.04897
1476.632 0.04972
1476.792 0.04838
1476.952 0.04831
1477.112 0.04777
1477.262 0.04861
1477.422 0.04766
1477.582 0.04822
1477.742 0.04832
1477.892 0.04894
1478.052 0.0479
1478.202 0.04905
1478.362 0.04932
1478.522 0.04966
1478.682 0.04892
1478.832 0.05002
1478.992 0.04968
1479.152 0.04978
1479.312 0.04911
1479.462 0.05028
1479.622 0.04918
1479.782 0.04922
1479.942 0.04909
1480.092 0.0499
1480.252 0.04874
1480.412 0.04896
1480.572 0.04887
1480.722 0.04972
1480.882 0.04876
1481.032 0.05003
1481.192 0.05012
1481.352 0.05072
1481.512 0.0498
1481.662 0.05109
1481.822 0.05094
1481.982 0.05106
1482.142 0.05058
1482.292 0.05148
1482.452 0.05011
1482.612 0.05076
1482.772 0.05032
1482.922 0.05139
1483.082 0.05028
1483.242 0.05053
1483.402 0.05056
1483.552 0.05127
1483.712 0.05016
1483.862 0.05131
1484.022 0.05168
1484.182 0.05221
1484.342 0.0514
1484.492 0.05264
1484.652 0.0525
1484.812 0.05283
1484.972 0.05224
1485.122 0.05347
1485.282 0.05311
1485.442 0.05288
1485.602 0.05262
1485.752 0.05349
1485.912 0.05246
1486.072 0.0525
1486.232 0.05211
1486.382 0.05301
1486.542 0.05203
1486.702 0.05251
1486.862 0.05277
1487.012 0.05341
1487.172 0.05256
1487.322 0.05374
1487.482 0.0537
1487.642 0.05389
1487.802 0.05325
1487.952 0.05417
1488.112 0.05369
1488.272 0.05378
1488.432 0.05312
1488.582 0.05413
1488.742 0.05324
1488.902 0.05337
1489.062 0.05302
1489.212 0.05377
1489.372 0.05241
1489.532 0.0528
1489.692 0.05275
1489.842 0.05324
1490.002 0.05227
1490.152 0.05354
1490.312 0.05345
1490.472 0.05385
1490.632 0.05307
1490.782 0.05406
1490.942 0.0537
1491.102 0.05353
1491.262 0.05295
1491.412 0.05379
1491.572 0.05262
1491.732 0.05256
1491.892 0.05208
1492.042 0.053
1492.202 0.05181
1492.362 0.05213
1492.522 0.0522
1492.672 0.05292
1492.832 0.0518
1492.982 0.05303
1493.142 0.0533
1493.302 0.05333
1493.462 0.05239
1493.612 0.05346
1493.772 0.05313
1493.932 0.05337
1494.092 0.05265
1494.242 0.05335
1494.402 0.05223
1494.562 0.05212
1494.722 0.05161
1494.872 0.05255
1495.032 0.05123
1495.192 0.0515
1495.352 0.05141
1495.502 0.05222
1495.662 0.05136
1495.812 0.05261
1495.972 0.05267
1496.132 0.05314
1496.292 0.05215
1496.442 0.05321
1496.602 0.0532
1496.762 0.05312
1496.922 0.05239
1497.072 0.05344
1497.232 0.05242
1497.392 0.0522
1497.552 0.05142
1497.702 0.05233
1497.862 0.05115
1498.022 0.05122
1498.182 0.05121
1498.332 0.05203
1498.492 0.0507
1498.652 0.05106
1498.812 0.05116
1498.962 0.05136
1499.122 0.0505
1499.272 0.0515
1499.432 0.05129
1499.592 0.05156
1499.752 0.05065
1499.902 0.05173
1500.062 0.05144
1500.222 0.05121
1500.382 0.05055
1500.532 0.05147
1500.692 0.05025
1500.852 0.05032
1501.012 0.05014
1501.162 0.05085
1501.322 0.04974
1501.482 0.05023
1501.642 0.05032
1501.792 0.05095
1501.952 0.04999
1502.102 0.05094
1502.262 0.05097
1502.422 0.05122
1502.582 0.05065
1502.732 0.05177
1502.892 0.05146
1503.052 0.05171
1503.212 0.05113
1503.362 0.05216
1503.522 0.05095
1503.682 0.05112
1503.842 0.05099
1503.992 0.05196
1504.152 0.05082
1504.312 0.05102
1504.472 0.05114
1504.622 0.05166
1504.782 0.05081
1504.932 0.05197
1505.092 0.05193
1505.252 0.05252
1505.412 0.05159
1505.562 0.05273
1505.722 0.05254
1505.882 0.05248
1506.042 0.05181
1506.192 0.05287
1506.352 0.05171
1506.512 0.05154
1506.672 0.05126
1506.822 0.05213
1506.982 0.05113
1507.142 0.05155
1507.302 0.05134
1507.452 0.05205
1507.612 0.05135
1507.762 0.05245
1507.922 0.05261
1508.082 0.05301
1508.242 0.05202
1508.392 0.05333
1508.552 0.05295
1508.712 0.05313
1508.872 0.05238
1509.022 0.05327
1509.182 0.05229
1509.342 0.05209
1509.502 0.05163
1509.652 0.05254
1509.812 0.05137
1509.972 0.05177
1510.132 0.05172
1510.282 0.05228
1510.442 0.05118
1510.592 0.05225
1510.752 0.05243
1510.912 0.05293
1511.072 0.05208
1511.222 0.05323
1511.382 0.05316
1511.542 0.05312
1511.702 0.05215
1511.852 0.05332
1512.012 0.05293
1512.172 0.05296
1512.332 0.05253
1512.482 0.05337
1512.642 0.05226
1512.802 0.05235
1512.962 0.05199
1513.112 0.05295
1513.272 0.05187
1513.432 0.05237
1513.592 0.05252
1513.742 0.05315
1513.902 0.05231
1514.052 0.05348
1514.212 0.05341
1514.372 0.05374
1514.532 0.05287
1514.682 0.05395
1514.842 0.05361
1515.002 0.05342
1515.162 0.05278
1515.312 0.05382
1515.472 0.05274
1515.632 0.05284
1515.792 0.05269
1515.942 0.05319
1516.102 0.05213
1516.262 0.0525
1516.422 0.0524
1516.572 0.05322
1516.732 0.05217
1516.882 0.05336
1517.042 0.05321
1517.202 0.05335
1517.362 0.05234
1517.512 0.05366
1517.672 0.05345
1517.832 0.05346
1517.992 0.05307
1518.142 0.05406
1518.302 0.05279
1518.462 0.05269
1518.622 0.05215
1518.772 0.05301
1518.932 0.052
1519.092 0.05235
1519.252 0.05244
1519.402 0.05307
1519.562 0.05203
1519.712 0.05319
1519.872 0.05324
1520.032 0.05375
1520.192 0.05289
1520.342 0.05392
1520.502 0.05348
1520.662 0.05356
1520.822 0.05283
1520.972 0.05398
1521.132 0.05278
1521.292 0.05271
1521.452 0.05242
1521.602 0.05335
1521.762 0.05208
1521.922 0.05246
1522.082 0.05226
1522.232 0.05294
1522.392 0.0519
1522.542 0.05298
1522.702 0.05317
1522.862 0.05366
1523.022 0.05266
1523.172 0.05395
1523.332 0.05363
1523.492 0.0538
1523.652 0.05344
1523.802 0.05453
1523.962 0.05323
1524.122 0.05303
1524.282 0.0528
1524.432 0.05359
1524.592 0.05244
1524.752 0.05267
1524.912 0.05265
1525.062 0.05357
1525.222 0.05246
1525.372 0.05352
1525.532 0.05375
1525.692 0.05428
1525.852 0.05362
1526.002 0.05494
1526.162 0.05491
1526.322 0.05535
1526.482 0.05462
1526.632 0.05577
1526.792 0.05512
1526.952 0.05501
1527.112 0.05457
1527.262 0.05545
1527.422 0.05433
1527.582 0.05454
1527.742 0.05418
1527.892 0.05498
1528.052 0.05387
1528.212 0.05414
1528.372 0.05426
1528.522 0.05507
1528.682 0.05397
1528.832 0.0551
1528.992 0.05496
1529.152 0.05508
1529.312 0.05438
1529.462 0.05556
1529.622 0.05517
1529.782 0.05518
1529.942 0.05441
1530.092 0.05531
1530.252 0.05416
1530.412 0.05441
1530.572 0.05419
1530.722 0.0553
1530.882 0.0541
1531.042 0.05433
1531.202 0.05456
1531.352 0.05506
1531.512 0.05404
1531.662 0.05531
1531.822 0.0555
1531.982 0.05605
1532.142 0.05541
1532.292 0.05652
1532.452 0.05605
1532.612 0.05609
1532.772 0.05549
1532.922 0.05657
1533.082 0.05549
1533.242 0.05524
1533.402 0.05484
1533.552 0.05579
1533.712 0.05469
1533.872 0.05518
1534.032 0.05511
1534.182 0.05586
1534.342 0.05468
1534.492 0.05584
1534.652 0.05586
1534.812 0.0563
1534.972 0.05541
1535.122 0.05673
1535.282 0.05633
1535.442 0.05648
1535.602 0.05592
1535.752 0.05698
1535.912 0.05578
1536.072 0.05585
1536.232 0.0553
1536.382 0.05621
1536.542 0.05495
1536.702 0.055
1536.862 0.05495
1537.012 0.05561
1537.172 0.05452
1537.322 0.05561
1537.482 0.05575
1537.642 0.05612
1537.802 0.05532
1537.952 0.05651
1538.112 0.0563
1538.272 0.05638
1538.432 0.05543
1538.582 0.05621
1538.742 0.05506
1538.902 0.05463
1539.062 0.0541
1539.212 0.05494
1539.372 0.05357
1539.532 0.05369
1539.692 0.05349
1539.842 0.05406
1540.002 0.05299
1540.152 0.05424
1540.312 0.0545
1540.472 0.05491
1540.632 0.0539
1540.782 0.0549
1540.942 0.0544
1541.102 0.05467
1541.262 0.05392
1541.412 0.05509
1541.572 0.05484
1541.732 0.05492
1541.892 0.05422
1542.042 0.0551
1542.202 0.05391
1542.362 0.05405
1542.522 0.05374
1542.672 0.05455
1542.832 0.05327
1542.992 0.05355
1543.152 0.05365
1543.302 0.05407
1543.462 0.05322
1543.612 0.0544
1543.772 0.05418
1543.932 0.05443
1544.092 0.05349
1544.242 0.05412
1544.402 0.0536
1544.562 0.0535
1544.722 0.05291
1544.872 0.05398
1545.032 0.05279
1545.192 0.0525
1545.352 0.05221
1545.502 0.05289
1545.662 0.05163
1545.822 0.05212
1545.982 0.05207
1546.132 0.05243
1546.292 0.05125
1546.442 0.05221
1546.602 0.05226
1546.762 0.05267
1546.922 0.0517
1547.072 0.0527
1547.232 0.05233
1547.392 0.05238
1547.552 0.05167
1547.702 0.05274
1547.862 0.05157
1548.022 0.05169
1548.182 0.05131
1548.332 0.05209
1548.492 0.05075
1548.652 0.05108
1548.812 0.05098
1548.962 0.05158
1549.122 0.05053
1549.272 0.05161
1549.432 0.05145
1549.592 0.05197
1549.752 0.05105
1549.902 0.05229
1550.062 0.05216
1550.222 0.05242
1550.382 0.05161
1550.532 0.05259
1550.692 0.05149
1550.852 0.0514
1551.012 0.05105
1551.162 0.05203
1551.322 0.05089
1551.482 0.05114
1551.642 0.0511
1551.792 0.05186
1551.952 0.05095
1552.102 0.05206
1552.262 0.05242
1552.422 0.05317
1552.582 0.05228
1552.732 0.05343
1552.892 0.05324
1553.052 0.05345
1553.212 0.05275
1553.362 0.05382
1553.522 0.05271
1553.682 0.05248
1553.842 0.05214
1553.992 0.0532
1554.152 0.05207
1554.312 0.05254
1554.472 0.05227
1554.622 0.05299
1554.782 0.0518
1554.932 0.05278
1555.092 0.05282
1555.252 0.05342
1555.412 0.05252
1555.562 0.05365
1555.722 0.05351
1555.882 0.05387
1556.042 0.05303
1556.192 0.05417
1556.352 0.05375
1556.512 0.05382
1556.672 0.0534
1556.822 0.05435
1556.982 0.05304
1557.142 0.05298
1557.302 0.05282
1557.452 0.05361
1557.612 0.05291
1557.772 0.05354
1557.932 0.05352
1558.082 0.05398
1558.242 0.05292
1558.392 0.05403
1558.552 0.0542
1558.712 0.05456
1558.872 0.05365
1559.022 0.05473
1559.182 0.05418
1559.342 0.05422
1559.502 0.05381
1559.652 0.05492
1559.812 0.05382
1559.972 0.05394
1560.132 0.0536
1560.282 0.05433
1560.442 0.05323
1560.602 0.0535
1560.762 0.05352
1560.912 0.05408
1561.072 0.05303
1561.222 0.05409
1561.382 0.05392
1561.542 0.05421
1561.702 0.05343
1561.852 0.0547
1562.012 0.05434
1562.172 0.05442
1562.332 0.05385
1562.482 0.05481
1562.642 0.05354
1562.802 0.05365
1562.962 0.05314
1563.112 0.05398
1563.272 0.05283
1563.432 0.05294
1563.592 0.05281
1563.742 0.05349
1563.902 0.05251
1564.052 0.05368
1564.212 0.05375
1564.372 0.05419
1564.532 0.05314
1564.682 0.05415
1564.842 0.05386
1565.002 0.05394
1565.162 0.05332
1565.312 0.05453
1565.472 0.05333
1565.632 0.05312
1565.792 0.05267
1565.942 0.05336
1566.102 0.05223
1566.262 0.05254
1566.422 0.05231
1566.572 0.053
1566.732 0.05184
1566.882 0.05282
1567.042 0.05282
1567.202 0.05329
1567.362 0.05222
1567.512 0.05342
1567.672 0.05301
1567.832 0.05307
1567.992 0.05241
1568.142 0.05348
1568.302 0.05239
1568.462 0.05233
1568.622 0.05169
1568.772 0.05249
1568.932 0.05127
1569.092 0.05133
1569.252 0.05116
1569.402 0.05203
1569.562 0.05092
1569.712 0.05203
1569.872 0.05184
1570.032 0.05234
1570.192 0.05141
1570.342 0.05273
1570.502 0.05279
1570.662 0.05299
1570.822 0.05208
1570.972 0.05298
1571.132 0.05226
1571.292 0.05229
1571.452 0.052
1571.602 0.05301
1571.762 0.05171
1571.922 0.05183
1572.082 0.05151
1572.232 0.05223
