%Time6 coef_friccion6
1000.023 0.06284
1000.173 0.06369
1000.333 0.0636
1000.493 0.06334
1000.653 0.06235
1000.803 0.06308
1000.963 0.06322
1001.123 0.063
1001.283 0.06188
1001.433 0.06167
1001.593 0.0618
1001.743 0.06365
1001.903 0.06387
1002.063 0.06335
1002.223 0.06374
1002.373 0.06545
1002.533 0.06545
1002.693 0.06482
1002.853 0.06362
1003.003 0.06439
1003.163 0.06436
1003.323 0.06405
1003.483 0.06297
1003.633 0.06332
1003.793 0.06352
1003.953 0.06332
1004.113 0.06243
1004.263 0.06194
1004.423 0.06228
1004.573 0.06421
1004.733 0.06431
1004.893 0.06383
1005.053 0.06238
1005.203 0.06315
1005.363 0.06314
1005.523 0.06288
1005.683 0.06173
1005.833 0.06252
1005.993 0.06334
1006.153 0.06317
1006.313 0.06224
1006.463 0.06228
1006.623 0.06255
1006.773 0.06453
1006.933 0.06477
1007.093 0.06427
1007.253 0.06462
1007.403 0.0664
1007.563 0.06647
1007.723 0.06598
1007.883 0.06442
1008.033 0.065
1008.193 0.06496
1008.353 0.06459
1008.513 0.06346
1008.663 0.06393
1008.823 0.06401
1008.983 0.06405
1009.143 0.06332
1009.293 0.06278
1009.453 0.06331
1009.603 0.06529
1009.763 0.0654
1009.923 0.06506
1010.083 0.06361
1010.233 0.06454
1010.393 0.06459
1010.553 0.06432
1010.713 0.06321
1010.863 0.06393
1011.023 0.06365
1011.183 0.06369
1011.343 0.06284
1011.493 0.06261
1011.653 0.06294
1011.803 0.06478
1011.963 0.065
1012.123 0.06445
1012.283 0.0647
1012.433 0.06649
1012.593 0.06646
1012.753 0.06606
1012.913 0.065
1013.063 0.06579
1013.223 0.06584
1013.383 0.06574
1013.543 0.06478
1013.693 0.06505
1013.853 0.06521
1014.013 0.06512
1014.173 0.0643
1014.323 0.0637
1014.483 0.06395
1014.633 0.06588
1014.793 0.06597
1014.953 0.06557
1015.113 0.0642
1015.263 0.06493
1015.423 0.06488
1015.583 0.06455
1015.743 0.0634
1015.893 0.0642
1016.053 0.06437
1016.213 0.06412
1016.373 0.06313
1016.523 0.06305
1016.683 0.06326
1016.833 0.06503
1016.993 0.06515
1017.153 0.06466
1017.313 0.06502
1017.463 0.06674
1017.623 0.06685
1017.783 0.06646
1017.943 0.06512
1018.093 0.06585
1018.253 0.0659
1018.413 0.06567
1018.573 0.06474
1018.723 0.06514
1018.883 0.06544
1019.043 0.06542
1019.203 0.06472
1019.353 0.06356
1019.513 0.06397
1019.663 0.06581
1019.823 0.06584
1019.983 0.06545
1020.143 0.06395
1020.293 0.06456
1020.453 0.06459
1020.613 0.06437
1020.773 0.0632
1020.923 0.06378
1021.083 0.06385
1021.243 0.06365
1021.403 0.06258
1021.553 0.06223
1021.713 0.06252
1021.863 0.0644
1022.023 0.06447
1022.183 0.06416
1022.343 0.06457
1022.493 0.06624
1022.653 0.06632
1022.813 0.06584
1022.973 0.06432
1023.123 0.06487
1023.283 0.06481
1023.443 0.06453
1023.603 0.06332
1023.753 0.0635
1023.913 0.0637
1024.073 0.06367
1024.233 0.06291
1024.383 0.0624
1024.543 0.0627
1024.693 0.06447
1024.853 0.06452
1025.013 0.06417
1025.173 0.06286
1025.323 0.06344
1025.483 0.06356
1025.643 0.06354
1025.803 0.06224
1025.953 0.06275
1026.113 0.06295
1026.273 0.06259
1026.433 0.06154
1026.583 0.0612
1026.743 0.06116
1026.893 0.06276
1027.053 0.06278
1027.213 0.06229
1027.373 0.06263
1027.523 0.06433
1027.683 0.06434
1027.843 0.06413
1028.003 0.06278
1028.153 0.06341
1028.313 0.0635
1028.473 0.06309
1028.633 0.06182
1028.783 0.06208
1028.943 0.06216
1029.093 0.06396
1029.253 0.06385
1029.413 0.0633
1029.573 0.06358
1029.723 0.06519
1029.883 0.06516
1030.043 0.06478
1030.203 0.06339
1030.353 0.06399
1030.513 0.06403
1030.673 0.06378
1030.833 0.06263
1030.983 0.06315
1031.143 0.06338
1031.303 0.0632
1031.463 0.06213
1031.613 0.06166
1031.773 0.06186
1031.923 0.06332
1032.083 0.06337
1032.243 0.06284
1032.403 0.06305
1032.553 0.0644
1032.713 0.06443
1032.873 0.06398
1033.033 0.06267
1033.183 0.06327
1033.343 0.0633
1033.503 0.06311
1033.663 0.06193
1033.813 0.06191
1033.973 0.06207
1034.123 0.06373
1034.283 0.06379
1034.443 0.06344
1034.603 0.06379
1034.753 0.06559
1034.913 0.06548
1035.073 0.06498
1035.233 0.06343
1035.383 0.0639
1035.543 0.06388
1035.703 0.06348
1035.863 0.06218
1036.013 0.06261
1036.173 0.06275
1036.333 0.06252
1036.493 0.06153
1036.643 0.06123
1036.803 0.06156
1036.953 0.06332
1037.113 0.06322
1037.273 0.06271
1037.433 0.06287
1037.583 0.06418
1037.743 0.06418
1037.903 0.06377
1038.063 0.0622
1038.213 0.06269
1038.373 0.06277
1038.533 0.06237
1038.693 0.06135
1038.843 0.06132
1039.003 0.06135
1039.153 0.06321
1039.313 0.06341
1039.473 0.06286
1039.633 0.06338
1039.783 0.06513
1039.943 0.06523
1040.103 0.06518
1040.263 0.06386
1040.413 0.06457
1040.573 0.06478
1040.733 0.0644
1040.893 0.06303
1041.043 0.06344
1041.203 0.06348
1041.363 0.06339
1041.523 0.06246
1041.673 0.06189
1041.833 0.06228
1041.983 0.06404
1042.143 0.06402
1042.303 0.06391
1042.463 0.0626
1042.613 0.06336
1042.773 0.0635
1042.933 0.06338
1043.093 0.06222
1043.243 0.0627
1043.403 0.06303
1043.563 0.06284
1043.723 0.06176
1043.873 0.0615
1044.033 0.06181
1044.183 0.06346
1044.343 0.06337
1044.503 0.06301
1044.663 0.06347
1044.813 0.06514
1044.973 0.06515
1045.133 0.06473
1045.293 0.0635
1045.443 0.06393
1045.603 0.06411
1045.763 0.06403
1045.923 0.06313
1046.073 0.06338
1046.233 0.06375
1046.393 0.06358
1046.553 0.0628
1046.703 0.06245
1046.863 0.06274
1047.013 0.06458
1047.173 0.06455
1047.333 0.06415
1047.493 0.06266
1047.643 0.06316
1047.803 0.06338
1047.963 0.0634
1048.123 0.06242
1048.273 0.06302
1048.433 0.06334
1048.593 0.06323
1048.753 0.0624
1048.903 0.06211
1049.063 0.06274
1049.213 0.06467
1049.373 0.06475
1049.533 0.06449
1049.693 0.06515
1049.843 0.06674
1050.003 0.06688
1050.163 0.06684
1050.323 0.06573
1050.473 0.06633
1050.633 0.06654
1050.793 0.06652
1050.953 0.0658
1051.103 0.06596
1051.263 0.06654
1051.413 0.06864
1051.573 0.06884
1051.733 0.0684
1051.893 0.06895
1052.043 0.07046
1052.203 0.07034
1052.363 0.07022
1052.523 0.06885
1052.673 0.06941
1052.833 0.06955
1052.993 0.06913
1053.153 0.06791
1053.303 0.06821
1053.463 0.06841
1053.623 0.06831
1053.783 0.06727
1053.933 0.0667
1054.093 0.067
1054.243 0.06865
1054.403 0.06855
1054.563 0.06833
1054.723 0.06885
1054.873 0.07043
1055.033 0.07059
1055.193 0.07026
1055.353 0.06876
1055.503 0.06921
1055.663 0.06932
1055.823 0.06881
1055.983 0.06765
1056.133 0.06748
1056.293 0.06743
1056.443 0.06909
1056.603 0.06903
1056.763 0.06851
1056.923 0.06889
1057.073 0.07052
1057.233 0.07047
1057.393 0.06998
1057.553 0.06848
1057.703 0.06905
1057.863 0.0692
1058.023 0.06891
1058.183 0.06769
1058.333 0.06821
1058.493 0.06855
1058.653 0.06844
1058.813 0.06749
1058.963 0.06719
1059.123 0.06753
1059.273 0.06907
1059.433 0.06904
1059.593 0.06858
1059.753 0.06884
1059.903 0.06997
1060.063 0.07017
1060.223 0.07001
1060.383 0.06892
1060.533 0.06945
1060.693 0.06966
1060.853 0.06958
1061.013 0.06839
1061.163 0.06814
1061.323 0.0683
1061.473 0.06987
1061.633 0.06988
1061.793 0.06944
1061.953 0.06971
1062.103 0.07107
1062.263 0.07115
1062.423 0.07064
1062.583 0.0692
1062.733 0.06958
1062.893 0.06959
1063.053 0.06914
1063.213 0.06799
1063.363 0.06818
1063.523 0.0682
1063.673 0.0697
1063.833 0.06962
1063.993 0.06915
1064.153 0.06927
1064.303 0.07059
1064.463 0.07046
1064.623 0.06996
1064.783 0.06822
1064.933 0.06852
1065.093 0.06853
1065.253 0.06804
1065.413 0.06667
1065.563 0.06698
1065.723 0.06699
1065.883 0.06654
1066.043 0.06535
1066.193 0.06502
1066.353 0.06509
1066.503 0.06643
1066.663 0.06638
1066.823 0.06583
1066.983 0.0659
1067.133 0.06721
1067.293 0.06723
1067.453 0.06679
1067.613 0.06545
1067.763 0.066
1067.923 0.0663
1068.083 0.06596
1068.243 0.06471
1068.393 0.0647
1068.553 0.06487
1068.703 0.0667
1068.863 0.06654
1069.023 0.06614
1069.183 0.06651
1069.333 0.06787
1069.493 0.06779
1069.653 0.06757
1069.813 0.066
1069.963 0.06645
1070.123 0.06669
1070.283 0.06625
1070.443 0.06492
1070.593 0.06534
1070.753 0.06552
1070.913 0.06531
1071.073 0.06421
1071.223 0.06387
1071.383 0.06401
1071.533 0.06554
1071.693 0.06534
1071.853 0.06484
1072.013 0.06504
1072.163 0.06628
1072.323 0.06634
1072.483 0.06584
1072.643 0.06442
1072.793 0.06479
1072.953 0.0649
1073.113 0.0647
1073.273 0.06349
1073.423 0.06331
1073.583 0.0635
1073.733 0.06482
1073.893 0.06477
1074.053 0.06444
1074.213 0.06465
1074.363 0.06621
1074.523 0.06612
1074.683 0.06562
1074.843 0.06409
1074.993 0.06442
1075.153 0.06459
1075.313 0.06432
1075.473 0.063
1075.623 0.06326
1075.783 0.06339
1075.933 0.06482
1076.093 0.06473
1076.253 0.06438
1076.413 0.06465
1076.563 0.06607
1076.723 0.06588
1076.883 0.06542
1077.043 0.06382
1077.193 0.0642
1077.353 0.06438
1077.513 0.06406
1077.673 0.06249
1077.823 0.06287
1077.983 0.06293
1078.143 0.06251
1078.303 0.06128
1078.453 0.06109
1078.613 0.06138
1078.763 0.0629
1078.923 0.06271
1079.083 0.06214
1079.243 0.0624
1079.393 0.06383
1079.553 0.06381
1079.713 0.06356
1079.873 0.06201
1080.023 0.06237
1080.183 0.06256
1080.343 0.06224
1080.503 0.06099
1080.653 0.06114
1080.813 0.06146
1080.963 0.06296
1081.123 0.06266
1081.283 0.06205
1081.443 0.06204
1081.593 0.06329
1081.753 0.06314
1081.913 0.06278
1082.073 0.0613
1082.223 0.06166
1082.383 0.06179
1082.543 0.06144
1082.703 0.06031
1082.853 0.06058
1083.013 0.06098
1083.173 0.06071
1083.333 0.05988
1083.483 0.05947
1083.643 0.05972
1083.793 0.06112
1083.953 0.06089
1084.113 0.06069
1084.273 0.0609
1084.423 0.06207
1084.583 0.06225
1084.743 0.06186
1084.903 0.06027
1085.053 0.06051
1085.213 0.06079
1085.373 0.06036
1085.533 0.05911
1085.683 0.05891
1085.843 0.05908
1085.993 0.06041
1086.153 0.06011
1086.313 0.05986
1086.473 0.05997
1086.623 0.06129
1086.783 0.06126
1086.943 0.06055
1087.103 0.05877
1087.253 0.05884
1087.413 0.05898
1087.573 0.05847
1087.733 0.05694
1087.883 0.05721
1088.043 0.05737
1088.193 0.0586
1088.353 0.05826
1088.513 0.05795
1088.673 0.05807
1088.823 0.05936
1088.983 0.05907
1089.143 0.05858
1089.303 0.05678
1089.453 0.05689
1089.613 0.05718
1089.773 0.05671
1089.933 0.05504
1090.083 0.05531
1090.243 0.05551
1090.403 0.05509
1090.563 0.05404
1090.713 0.05377
1090.873 0.05401
1091.023 0.05536
1091.183 0.05513
1091.343 0.05475
1091.503 0.05497
1091.653 0.05625
1091.813 0.05643
1091.973 0.05609
1092.133 0.05463
1092.283 0.05507
1092.443 0.05551
1092.603 0.05524
1092.763 0.05386
1092.913 0.05385
1093.073 0.05414
1093.223 0.05582
1093.383 0.05558
1093.543 0.05529
1093.703 0.05552
1093.853 0.05686
1094.013 0.05686
1094.173 0.05669
1094.333 0.05527
1094.483 0.05566
1094.643 0.05598
1094.803 0.05571
1094.963 0.0542
1095.113 0.05445
1095.273 0.05483
1095.423 0.05635
1095.583 0.05559
1095.743 0.0553
1095.903 0.05559
1096.053 0.05685
1096.213 0.0565
1096.373 0.05609
1096.533 0.05633
1096.683 0.05722
1096.843 0.05742
1097.003 0.05711
1097.163 0.05562
1097.313 0.05588
1097.473 0.05617
1097.633 0.05596
1097.793 0.05489
1097.943 0.05459
1098.103 0.05495
1098.253 0.05666
1098.413 0.05636
1098.573 0.05621
1098.733 0.05663
1098.883 0.05797
1099.043 0.05805
1099.203 0.058
1099.363 0.05642
1099.513 0.05667
1099.673 0.05702
1099.833 0.057
1099.993 0.05586
1100.143 0.05587
1100.303 0.05647
1100.453 0.05841
1100.613 0.05813
1100.773 0.05807
1100.933 0.05863
1101.083 0.06019
1101.243 0.05997
1101.403 0.05983
1101.563 0.05848
1101.713 0.05886
1101.873 0.05926
1102.033 0.05907
1102.193 0.05767
1102.343 0.05796
1102.503 0.05837
1102.653 0.0603
1102.813 0.06002
1102.973 0.05972
1103.133 0.06016
1103.283 0.06177
1103.443 0.06152
1103.603 0.06139
1103.763 0.06185
1103.913 0.06181
1104.073 0.06213
1104.233 0.06193
1104.393 0.06074
1104.543 0.06113
1104.703 0.06151
1104.863 0.06154
1105.023 0.06028
1105.173 0.0601
1105.333 0.06062
1105.483 0.06241
1105.643 0.06218
1105.803 0.06203
1105.963 0.06242
1106.113 0.06383
1106.273 0.06404
1106.433 0.06393
1106.593 0.06257
1106.743 0.06287
1106.903 0.06315
1107.063 0.06307
1107.223 0.06187
1107.373 0.06189
1107.533 0.0622
1107.683 0.06377
1107.843 0.06347
1108.003 0.06333
1108.163 0.06359
1108.313 0.06522
1108.473 0.06493
1108.633 0.06453
1108.793 0.06287
1108.943 0.06366
1109.103 0.06395
1109.263 0.06375
1109.423 0.06237
1109.573 0.06275
1109.733 0.06301
1109.893 0.06276
1110.053 0.06185
1110.203 0.06165
1110.363 0.06204
1110.513 0.06368
1110.673 0.06334
1110.833 0.06305
1110.993 0.06329
1111.143 0.06458
1111.303 0.06488
1111.463 0.06471
1111.623 0.06301
1111.773 0.06327
1111.933 0.06345
1112.093 0.06319
1112.253 0.06187
1112.403 0.06173
1112.563 0.0619
1112.713 0.0636
1112.873 0.06336
1113.033 0.063
1113.193 0.06329
1113.343 0.06461
1113.503 0.06453
1113.663 0.06439
1113.823 0.06263
1113.973 0.06306
1114.133 0.0632
1114.293 0.06281
1114.453 0.06125
1114.603 0.06141
1114.763 0.06177
1114.913 0.06341
1115.073 0.06312
1115.233 0.06265
1115.393 0.06281
1115.543 0.06426
1115.703 0.06396
1115.863 0.0637
1116.023 0.0619
1116.173 0.06238
1116.333 0.06251
1116.493 0.06216
1116.653 0.06073
1116.803 0.06121
1116.963 0.06171
1117.123 0.06166
1117.283 0.06153
1117.433 0.06115
1117.593 0.06154
1117.743 0.06332
1117.903 0.06297
1118.063 0.06288
1118.223 0.06317
1118.373 0.06455
1118.533 0.06469
1118.693 0.06425
1118.853 0.06254
1119.003 0.06272
1119.163 0.0629
1119.323 0.06257
1119.483 0.06103
1119.633 0.06105
1119.793 0.06107
1119.943 0.0624
1120.103 0.0621
1120.263 0.06192
1120.423 0.0623
1120.573 0.06366
1120.733 0.06346
1120.893 0.06308
1121.053 0.06139
1121.203 0.06161
1121.363 0.06183
1121.523 0.06167
1121.683 0.06052
1121.833 0.06093
1121.993 0.06115
1122.143 0.06286
1122.303 0.06256
1122.463 0.06231
1122.623 0.06264
1122.773 0.06419
1122.933 0.0641
1123.093 0.06381
1123.253 0.06412
1123.403 0.06517
1123.563 0.0655
1123.723 0.06517
1123.883 0.06372
1124.033 0.06415
1124.193 0.06438
1124.353 0.06426
1124.513 0.06287
1124.663 0.06251
1124.823 0.06276
1124.973 0.06453
1125.133 0.06447
1125.293 0.06418
1125.453 0.06449
1125.603 0.06598
1125.763 0.06615
1125.923 0.06593
1126.083 0.06457
1126.233 0.06494
1126.393 0.06527
1126.553 0.0652
1126.713 0.06379
1126.863 0.06393
1127.023 0.06407
1127.173 0.06585
1127.333 0.06569
1127.493 0.06542
1127.653 0.06582
1127.803 0.06742
1127.963 0.06718
1128.123 0.06679
1128.283 0.06524
1128.433 0.06565
1128.593 0.06601
1128.753 0.06598
1128.913 0.06457
1129.063 0.06501
1129.223 0.06534
1129.383 0.06527
1129.543 0.06409
1129.693 0.06393
1129.853 0.06439
1130.003 0.06602
1130.163 0.06557
1130.323 0.06505
1130.483 0.06508
1130.633 0.06637
1130.793 0.06663
1130.953 0.06632
1131.113 0.06459
1131.263 0.06508
1131.423 0.06512
1131.583 0.06475
1131.743 0.06343
1131.893 0.06328
1132.053 0.0637
1132.203 0.06536
1132.363 0.0652
1132.523 0.06481
1132.683 0.06512
1132.833 0.06681
1132.993 0.06668
1133.153 0.06658
1133.313 0.06513
1133.463 0.06554
1133.623 0.06567
1133.783 0.06528
1133.943 0.06395
1134.093 0.06419
1134.253 0.06446
1134.403 0.06612
1134.563 0.06605
1134.723 0.06554
1134.883 0.06573
1135.033 0.06712
1135.193 0.06681
1135.353 0.06666
1135.513 0.06524
1135.663 0.0658
1135.823 0.06601
1135.983 0.06568
1136.143 0.06421
1136.293 0.06438
1136.453 0.06468
1136.613 0.06441
1136.773 0.06317
1136.923 0.06277
1137.083 0.06299
1137.233 0.0645
1137.393 0.06422
1137.553 0.06404
1137.713 0.0644
1137.863 0.06593
1138.023 0.06608
1138.183 0.06576
1138.343 0.06419
1138.493 0.06446
1138.653 0.06479
1138.813 0.0645
1138.973 0.06326
1139.123 0.06328
1139.283 0.06354
1139.433 0.06522
1139.593 0.06499
1139.753 0.06466
1139.913 0.06474
1140.063 0.06625
1140.223 0.0661
1140.383 0.06583
1140.543 0.06419
1140.693 0.06446
1140.853 0.06468
1141.013 0.06428
1141.173 0.06294
1141.323 0.06334
1141.483 0.06359
1141.643 0.06331
1141.803 0.06241
1141.953 0.06204
1142.113 0.06219
1142.263 0.06386
1142.423 0.06366
1142.583 0.06329
1142.743 0.06343
1142.893 0.06462
1143.053 0.06483
1143.213 0.06432
1143.373 0.0628
1143.523 0.06324
1143.683 0.06331
1143.843 0.06293
1144.003 0.06168
1144.153 0.06153
1144.313 0.06158
1144.463 0.06302
1144.623 0.06269
1144.783 0.06241
1144.943 0.06268
1145.093 0.06421
1145.253 0.06427
1145.413 0.0638
1145.573 0.06213
1145.723 0.06251
1145.883 0.06277
1146.043 0.06258
1146.203 0.06104
1146.353 0.06128
1146.513 0.06142
1146.663 0.06311
1146.823 0.06287
1146.983 0.06254
1147.143 0.06286
1147.293 0.06436
1147.453 0.06425
1147.613 0.06386
1147.773 0.06228
1147.923 0.06264
1148.083 0.06301
1148.243 0.06291
1148.403 0.06136
1148.553 0.06182
1148.713 0.06195
1148.873 0.06155
1149.033 0.06024
1149.183 0.05987
1149.343 0.0601
1149.493 0.06161
1149.653 0.06154
1149.813 0.06107
1149.973 0.06131
1150.123 0.0627
1150.283 0.06291
1150.443 0.06265
1150.603 0.06122
1150.753 0.06174
1150.913 0.06184
1151.073 0.06149
1151.233 0.06007
1151.383 0.06006
1151.543 0.06038
1151.693 0.06195
1151.853 0.06176
1152.013 0.06126
1152.173 0.06135
1152.323 0.06261
1152.483 0.06245
1152.643 0.06206
1152.803 0.06043
1152.953 0.06095
1153.113 0.06102
1153.273 0.06069
1153.433 0.05915
1153.583 0.05953
1153.743 0.05975
1153.893 0.06135
1154.053 0.06114
1154.213 0.06066
1154.373 0.06082
1154.523 0.06242
1154.683 0.06212
1154.843 0.06181
1155.003 0.06212
1155.153 0.06321
1155.313 0.06339
1155.473 0.06304
1155.633 0.06153
1155.783 0.06192
1155.943 0.06213
1156.103 0.06186
1156.263 0.0607
1156.413 0.0605
1156.573 0.06091
1156.723 0.06258
1156.883 0.06223
1157.043 0.06199
1157.203 0.06233
1157.353 0.06383
1157.513 0.06374
1157.673 0.06353
1157.833 0.06197
1157.983 0.06237
1158.143 0.06257
1158.303 0.06221
1158.463 0.06086
1158.613 0.06099
1158.773 0.06117
1158.923 0.06287
1159.083 0.0626
1159.243 0.06215
1159.403 0.06227
1159.553 0.06379
1159.713 0.06359
1159.873 0.06322
1160.033 0.06151
1160.183 0.06188
1160.343 0.06214
1160.503 0.0617
1160.663 0.06024
1160.813 0.0606
1160.973 0.06084
1161.133 0.06069
1161.293 0.05955
1161.443 0.05913
1161.603 0.05929
1161.753 0.06085
1161.913 0.06063
1162.073 0.06032
1162.233 0.06064
1162.383 0.06212
1162.543 0.06228
1162.703 0.06198
1162.863 0.06059
1163.013 0.06084
1163.173 0.0612
1163.333 0.06114
1163.493 0.0598
1163.643 0.05978
1163.803 0.06009
1163.953 0.0618
1164.113 0.06153
1164.273 0.06122
1164.433 0.0615
1164.583 0.06306
1164.743 0.06298
1164.903 0.06249
1165.063 0.06092
1165.213 0.06136
1165.373 0.06159
1165.533 0.06145
1165.693 0.06011
1165.843 0.06046
1166.003 0.06066
1166.163 0.0602
1166.323 0.05942
1166.473 0.05915
1166.633 0.05927
1166.783 0.06098
1166.943 0.06082
1167.103 0.06034
1167.263 0.05855
1167.413 0.05884
1167.573 0.05913
1167.733 0.05903
1167.893 0.05751
1168.043 0.05811
1168.203 0.05822
1168.363 0.058
1168.523 0.05674
1168.673 0.05647
1168.833 0.05689
1168.983 0.05874
1169.143 0.05858
1169.303 0.05829
1169.463 0.05875
1169.613 0.06024
1169.773 0.0604
1169.933 0.06008
1170.093 0.05865
1170.243 0.0591
1170.403 0.05929
1170.563 0.05908
1170.723 0.05763
1170.873 0.0578
1171.033 0.05804
1171.183 0.05977
1171.343 0.0596
1171.503 0.05919
1171.663 0.05948
1171.813 0.06092
1171.973 0.06068
1172.133 0.06044
1172.293 0.05885
1172.443 0.05926
1172.603 0.0595
1172.763 0.05922
1172.923 0.05777
1173.073 0.05802
1173.233 0.05833
1173.393 0.05804
1173.553 0.05707
1173.703 0.05663
1173.863 0.05688
1174.013 0.05833
1174.173 0.05799
1174.333 0.0577
1174.493 0.05792
1174.643 0.05933
1174.803 0.05947
1174.963 0.05923
1175.123 0.0578
1175.273 0.05814
1175.433 0.0585
1175.593 0.05814
1175.753 0.0567
1175.903 0.05664
1176.063 0.05667
1176.213 0.05816
1176.373 0.05797
1176.533 0.05747
1176.693 0.05749
1176.843 0.05891
1177.003 0.0587
1177.163 0.0583
1177.323 0.05657
1177.473 0.05694
1177.633 0.05717
1177.793 0.05667
1177.953 0.05523
1178.103 0.05556
1178.263 0.05585
1178.413 0.05766
1178.573 0.05732
1178.733 0.05693
1178.893 0.05719
1179.043 0.05887
1179.203 0.05854
1179.363 0.05834
1179.523 0.05871
1179.673 0.05946
1179.833 0.05963
1179.993 0.05928
1180.153 0.05769
1180.303 0.05801
1180.463 0.05824
1180.623 0.0581
1180.783 0.05701
1180.933 0.05678
1181.093 0.05702
1181.243 0.05878
1181.403 0.05841
1181.563 0.05833
1181.723 0.05859
1181.873 0.06006
1182.033 0.06024
1182.193 0.05972
1182.353 0.05792
1182.503 0.05814
1182.663 0.05838
1182.823 0.05801
1182.983 0.05672
1183.133 0.05664
1183.293 0.05677
1183.443 0.0582
1183.603 0.05805
1183.763 0.05781
1183.923 0.05798
1184.073 0.05957
1184.233 0.05948
1184.393 0.05919
1184.553 0.05757
1184.703 0.05798
1184.863 0.05836
1185.023 0.05818
1185.183 0.05681
1185.333 0.05728
1185.493 0.05741
1185.643 0.05921
1185.803 0.05888
1185.963 0.05862
1186.123 0.05891
1186.273 0.06069
1186.433 0.0606
1186.593 0.06038
1186.753 0.06082
1186.903 0.062
1187.063 0.06234
1187.223 0.0622
1187.383 0.06084
1187.533 0.06137
1187.693 0.06158
1187.853 0.06136
1188.013 0.05997
1188.163 0.05981
1188.323 0.06022
1188.473 0.06199
1188.633 0.06185
1188.793 0.0615
1188.953 0.06185
1189.103 0.06336
1189.263 0.06335
1189.423 0.06339
1189.583 0.06227
1189.733 0.06277
1189.893 0.06319
1190.053 0.06326
1190.213 0.0621
1190.363 0.06237
1190.523 0.06292
1190.673 0.06478
1190.833 0.06466
1190.993 0.06439
1191.153 0.06493
1191.303 0.06657
1191.463 0.06621
1191.623 0.06604
1191.783 0.06446
1191.933 0.06491
1192.093 0.06535
1192.253 0.06529
1192.413 0.06378
1192.563 0.06413
1192.723 0.06436
1192.883 0.06412
1193.043 0.06314
1193.193 0.06291
1193.353 0.06343
1193.503 0.06516
1193.663 0.06476
1193.823 0.06473
1193.983 0.06525
1194.133 0.06654
1194.293 0.06675
1194.453 0.06659
1194.613 0.06493
1194.763 0.06524
1194.923 0.06547
1195.083 0.06518
1195.243 0.06392
1195.393 0.06383
1195.553 0.06435
1195.703 0.06605
1195.863 0.06583
1196.023 0.06544
1196.183 0.06585
1196.333 0.06729
1196.493 0.06717
1196.653 0.06714
1196.813 0.06583
1196.963 0.06621
1197.123 0.06653
1197.283 0.06639
1197.443 0.06488
1197.593 0.065
1197.753 0.06538
1197.903 0.06712
1198.063 0.0668
1198.223 0.06634
1198.383 0.06656
1198.533 0.06812
1198.693 0.06772
1198.853 0.06766
1199.013 0.06619
1199.163 0.06669
1199.323 0.06699
1199.483 0.0668
1199.643 0.0651
1199.793 0.06531
1199.953 0.06558
1200.113 0.06532
1200.273 0.06402
1200.423 0.06367
1200.583 0.06386
1200.733 0.06544
1200.893 0.06502
1201.053 0.06479
1201.213 0.06508
1201.363 0.0665
1201.523 0.06659
1201.683 0.06615
1201.843 0.06442
1201.993 0.06465
1202.153 0.06487
1202.313 0.06459
1202.473 0.06327
1202.623 0.06339
1202.783 0.06368
1202.933 0.06499
1203.093 0.06452
1203.253 0.06422
1203.413 0.0644
1203.563 0.06577
1203.723 0.06552
1203.883 0.06496
1204.043 0.06302
1204.193 0.06321
1204.353 0.06351
1204.513 0.06312
1204.673 0.06159
1204.823 0.06203
1204.983 0.0622
1205.133 0.06376
1205.293 0.06332
1205.453 0.06284
1205.613 0.06293
1205.763 0.06436
1205.923 0.06422
1206.083 0.0639
1206.243 0.06425
1206.393 0.06542
1206.553 0.06574
1206.713 0.06541
1206.873 0.06381
1207.023 0.06418
1207.183 0.0643
1207.343 0.0639
1207.503 0.06255
1207.653 0.06234
1207.813 0.06245
1207.963 0.06394
1208.123 0.06367
1208.283 0.06336
1208.443 0.0638
1208.593 0.06501
1208.753 0.06508
1208.913 0.06465
1209.073 0.06311
1209.223 0.06349
1209.383 0.06389
1209.543 0.0637
1209.703 0.06228
1209.853 0.0624
1210.013 0.06271
1210.163 0.06328
1210.323 0.06289
1210.483 0.06256
1210.643 0.06289
1210.793 0.06457
1210.953 0.06434
1211.113 0.06404
1211.273 0.06247
1211.423 0.0628
1211.583 0.06322
1211.743 0.06305
1211.903 0.06152
1212.053 0.06185
1212.213 0.06209
1212.373 0.06164
1212.533 0.06057
1212.683 0.06048
1212.843 0.06077
1212.993 0.06243
1213.153 0.06219
1213.313 0.06184
1213.473 0.06202
1213.623 0.06323
1213.783 0.06366
1213.943 0.06358
1214.103 0.06223
1214.253 0.06265
1214.413 0.06289
1214.573 0.06258
1214.733 0.06121
1214.883 0.06109
1215.043 0.06147
1215.193 0.06307
1215.353 0.0627
1215.513 0.06238
1215.673 0.0625
1215.823 0.0637
1215.983 0.06384
1216.143 0.0635
1216.303 0.06184
1216.453 0.06228
1216.613 0.06246
1216.773 0.06208
1216.933 0.06055
1217.083 0.06071
1217.243 0.06116
1217.393 0.06292
1217.553 0.06248
1217.713 0.06217
1217.873 0.06248
1218.023 0.06384
1218.183 0.06343
1218.343 0.06325
1218.503 0.06155
1218.653 0.06196
1218.813 0.06243
1218.973 0.06225
1219.133 0.06066
1219.283 0.06065
1219.443 0.0612
1219.593 0.06285
1219.753 0.06253
1219.913 0.06229
1220.073 0.06266
1220.223 0.06422
1220.383 0.06384
1220.543 0.06369
1220.703 0.06418
1220.853 0.06552
1221.013 0.06579
1221.173 0.06581
1221.333 0.06447
1221.483 0.06469
1221.643 0.06527
1221.803 0.0651
1221.963 0.06385
1222.113 0.06372
1222.273 0.06416
1222.423 0.06582
1222.583 0.06531
1222.743 0.06512
1222.903 0.06542
1223.053 0.06683
1223.213 0.06677
1223.373 0.06663
1223.533 0.06619
1223.683 0.06646
1223.843 0.06692
1224.003 0.06676
1224.163 0.06525
1224.313 0.0655
1224.473 0.06586
1224.623 0.06762
1224.783 0.06714
1224.943 0.06692
1225.103 0.06733
1225.253 0.06882
1225.413 0.06846
1225.573 0.06836
1225.733 0.06866
1225.883 0.06958
1226.043 0.06986
1226.203 0.06965
1226.363 0.06825
1226.513 0.06838
1226.673 0.0688
1226.823 0.07066
1226.983 0.07026
1227.143 0.06998
1227.303 0.07032
1227.453 0.0717
1227.613 0.07124
1227.773 0.07119
1227.933 0.07155
1228.083 0.07285
1228.243 0.07323
1228.403 0.07303
1228.563 0.07161
1228.713 0.07183
1228.873 0.07237
1229.033 0.07251
1229.193 0.07144
1229.343 0.07106
1229.503 0.07148
1229.653 0.07319
1229.813 0.07277
1229.973 0.07288
1230.133 0.0735
1230.283 0.07503
1230.443 0.07504
1230.603 0.07495
1230.763 0.0737
1230.913 0.07404
1231.073 0.07472
1231.233 0.07482
1231.393 0.07358
1231.543 0.07377
1231.703 0.0742
1231.853 0.07595
1232.013 0.07545
1232.173 0.07532
1232.333 0.07567
1232.483 0.07715
1232.643 0.07685
1232.803 0.07643
1232.963 0.07479
1233.113 0.07492
1233.273 0.07527
1233.433 0.07497
1233.593 0.07349
1233.743 0.07376
1233.903 0.07409
1234.063 0.07369
1234.223 0.07235
1234.373 0.07221
1234.533 0.07257
1234.683 0.07393
1234.843 0.07354
1235.003 0.07306
1235.163 0.07285
1235.313 0.07404
1235.473 0.07442
1235.633 0.07425
1235.793 0.07271
1235.943 0.0731
1236.103 0.07338
1236.263 0.07307
1236.423 0.07161
1236.573 0.07147
1236.733 0.07168
1236.883 0.07292
1237.043 0.07255
1237.203 0.07221
1237.363 0.07227
1237.513 0.07341
1237.673 0.0734
1237.833 0.07307
1237.993 0.07119
1238.143 0.07141
1238.303 0.07174
1238.463 0.07145
1238.623 0.06985
1238.773 0.06999
1238.933 0.07016
1239.083 0.07167
1239.243 0.07129
1239.403 0.07094
1239.563 0.07118
1239.713 0.07234
1239.873 0.07196
1240.033 0.07169
1240.193 0.06996
1240.343 0.07022
1240.503 0.07057
1240.663 0.0703
1240.823 0.06854
1240.973 0.06875
1241.133 0.06897
1241.283 0.07063
1241.443 0.0702
1241.603 0.06992
1241.763 0.07012
1241.913 0.0715
1242.073 0.07103
1242.233 0.07076
1242.393 0.07093
1242.543 0.07198
1242.703 0.07217
1242.863 0.07185
1243.023 0.07
1243.173 0.07015
1243.333 0.07042
1243.493 0.06979
1243.653 0.06836
1243.803 0.06821
1243.963 0.06843
1244.113 0.0697
1244.273 0.06909
1244.433 0.06853
1244.593 0.06844
1244.743 0.06947
1244.903 0.06938
1245.063 0.06904
1245.223 0.06727
1245.373 0.06756
1245.533 0.06787
1245.693 0.06749
1245.853 0.06605
1246.003 0.06623
1246.163 0.06657
1246.313 0.0681
1246.473 0.06768
1246.633 0.0674
1246.793 0.06764
1246.943 0.0689
1247.1 0.07
1247.26 0.0695
1247.42 0.06982
1247.57 0.0724
1247.73 0.07307
1247.89 0.07196
1248.05 0.07073
1248.2 0.07245
1248.36 0.07202
1248.52 0.07193
1248.68 0.07138
1248.83 0.07224
1248.99 0.07176
1249.15 0.07178
1249.31 0.07148
1249.46 0.07127
1249.62 0.0714
1249.78 0.07187
1249.94 0.07188
1250.09 0.0708
1250.25 0.0694
1250.4 0.07108
1250.56 0.07102
1250.72 0.07063
1250.88 0.07028
1251.03 0.07161
1251.19 0.07118
1251.35 0.07122
1251.51 0.07102
1251.66 0.07118
1251.82 0.07107
1251.98 0.07145
1252.14 0.0714
1252.29 0.07063
1252.45 0.06913
1252.6 0.0708
1252.76 0.07106
1252.92 0.07043
1253.08 0.06962
1253.23 0.07114
1253.39 0.0705
1253.55 0.07017
1253.71 0.0697
1253.86 0.07019
1254.02 0.06992
1254.18 0.07021
1254.34 0.07007
1254.49 0.06958
1254.65 0.06778
1254.8 0.06927
1254.96 0.06985
1255.12 0.069
1255.28 0.06782
1255.43 0.06954
1255.59 0.0691
1255.75 0.0686
1255.91 0.06799
1256.06 0.06893
1256.22 0.06869
1256.38 0.06899
1256.54 0.06897
1256.69 0.06872
1256.85 0.06897
1257.01 0.06947
1257.17 0.0695
1257.32 0.06846
1257.48 0.06713
1257.63 0.06892
1257.79 0.06896
1257.95 0.06856
1258.11 0.06798
1258.26 0.06928
1258.42 0.06894
1258.58 0.06881
1258.74 0.06843
1258.89 0.06846
1259.05 0.06848
1259.21 0.06891
1259.37 0.06881
1259.52 0.06806
1259.68 0.06652
1259.83 0.06815
1259.99 0.06848
1260.15 0.06787
1260.31 0.06711
1260.46 0.06728
1260.62 0.06699
1260.78 0.06658
1260.94 0.06462
1261.09 0.0647
1261.25 0.06507
1261.41 0.06482
1261.57 0.06321
1261.72 0.06338
1261.88 0.06354
1262.03 0.06512
1262.19 0.06455
1262.35 0.06451
1262.51 0.06465
1262.66 0.066
1262.82 0.06557
1262.98 0.06514
1263.14 0.06526
1263.29 0.06655
1263.45 0.06698
1263.61 0.0671
1263.77 0.06556
1263.92 0.06585
1264.08 0.06636
1264.24 0.066
1264.4 0.06451
1264.55 0.06457
1264.71 0.0649
1264.86 0.06638
1265.02 0.06599
1265.18 0.06569
1265.34 0.06588
1265.49 0.06713
1265.65 0.0673
1265.81 0.06717
1265.97 0.06552
1266.12 0.06583
1266.28 0.06615
1266.44 0.06598
1266.6 0.06457
1266.75 0.06459
1266.91 0.06508
1267.06 0.06681
1267.22 0.0664
1267.38 0.06617
1267.54 0.06646
1267.69 0.06784
1267.85 0.06767
1268.01 0.06759
1268.17 0.06603
1268.32 0.06629
1268.48 0.06663
1268.64 0.06634
1268.8 0.06469
1268.95 0.06477
1269.11 0.06508
1269.26 0.06667
1269.42 0.06635
1269.58 0.06597
1269.74 0.06621
1269.89 0.06743
1270.05 0.06684
1270.21 0.06665
1270.37 0.06686
1270.52 0.06797
1270.68 0.0684
1270.84 0.06812
1271 0.06642
1271.15 0.06648
1271.31 0.06692
1271.47 0.06662
1271.63 0.06529
1271.78 0.065
1271.94 0.06531
1272.09 0.06686
1272.25 0.06637
1272.41 0.06618
1272.57 0.06641
1272.72 0.06785
1272.88 0.06786
1273.04 0.06778
1273.2 0.06616
1273.35 0.06633
1273.51 0.06685
1273.67 0.06689
1273.83 0.0656
1273.98 0.06551
1274.14 0.06608
1274.29 0.06792
1274.45 0.06741
1274.61 0.06743
1274.77 0.06782
1274.92 0.069
1275.08 0.06887
1275.24 0.06881
1275.4 0.06718
1275.55 0.06741
1275.71 0.06777
1275.87 0.06755
1276.03 0.06605
1276.18 0.06623
1276.34 0.06671
1276.49 0.06841
1276.65 0.06779
1276.81 0.06749
1276.97 0.06758
1277.12 0.06886
1277.28 0.06824
1277.44 0.06808
1277.6 0.06821
1277.75 0.06926
1277.91 0.06944
1278.07 0.06905
1278.23 0.06738
1278.38 0.0675
1278.54 0.06795
1278.69 0.0697
1278.85 0.06924
1279.01 0.06896
1279.17 0.06934
1279.32 0.07094
1279.48 0.07036
1279.64 0.07038
1279.8 0.07078
1279.95 0.07209
1280.11 0.07238
1280.27 0.07205
1280.43 0.07021
1280.58 0.0702
1280.74 0.07073
1280.9 0.07053
1281.06 0.06923
1281.21 0.06914
1281.37 0.06938
1281.52 0.07072
1281.68 0.07019
1281.84 0.07006
1282 0.07036
1282.15 0.07171
1282.31 0.07147
1282.47 0.07128
1282.63 0.06959
1282.78 0.06967
1282.94 0.07026
1283.1 0.06993
1283.26 0.06833
1283.41 0.06855
1283.57 0.06879
1283.72 0.07036
1283.88 0.06987
1284.04 0.06968
1284.2 0.07001
1284.35 0.0715
1284.51 0.07116
1284.67 0.07103
1284.83 0.07143
1284.98 0.07252
1285.14 0.073
1285.3 0.07288
1285.46 0.07131
1285.61 0.0715
1285.77 0.07188
1285.93 0.0716
1286.09 0.07012
1286.24 0.07001
1286.4 0.07024
1286.55 0.07149
1286.71 0.071
1286.87 0.07066
1287.03 0.07055
1287.18 0.07141
1287.34 0.07172
1287.5 0.0712
1287.66 0.06919
1287.81 0.06932
1287.97 0.06958
1288.13 0.06924
1288.29 0.06783
1288.44 0.06775
1288.6 0.06805
1288.75 0.0694
1288.91 0.06894
1289.07 0.0687
1289.23 0.0689
1289.38 0.0701
1289.54 0.06987
1289.7 0.06944
1289.86 0.06751
1290.01 0.06762
1290.17 0.06816
1290.33 0.06779
1290.49 0.06631
1290.64 0.06658
1290.8 0.06653
1290.95 0.06786
1291.11 0.06734
1291.27 0.06714
1291.43 0.06742
1291.58 0.0687
1291.74 0.06832
1291.9 0.06797
1292.06 0.06613
1292.21 0.06626
1292.37 0.0668
1292.53 0.06626
1292.69 0.06438
1292.84 0.06456
1293 0.06457
1293.16 0.06387
1293.32 0.0626
1293.47 0.06241
1293.63 0.06261
1293.78 0.06402
1293.94 0.06377
1294.1 0.06347
1294.26 0.06379
1294.41 0.06474
1294.57 0.06503
1294.73 0.06477
1294.89 0.06317
1295.04 0.06345
1295.2 0.06379
1295.36 0.06357
1295.52 0.06198
1295.67 0.06209
1295.83 0.06235
1295.98 0.064
1296.14 0.06353
1296.3 0.06321
1296.46 0.06353
1296.61 0.06488
1296.77 0.06477
1296.93 0.06457
1297.09 0.06286
1297.24 0.06312
1297.4 0.06351
1297.56 0.06341
1297.72 0.06192
1297.87 0.0621
1298.03 0.06226
1298.18 0.06374
1298.34 0.06326
1298.5 0.06307
1298.66 0.06331
1298.81 0.0647
1298.97 0.06439
1299.13 0.064
1299.29 0.06425
1299.44 0.06533
1299.6 0.06579
1299.76 0.0656
1299.92 0.06426
1300.07 0.06453
1300.23 0.06477
1300.39 0.0644
1300.55 0.06327
1300.7 0.06304
1300.86 0.06341
1301.01 0.06508
1301.17 0.06486
1301.33 0.06464
1301.49 0.06483
1301.64 0.06613
1301.8 0.06654
1301.96 0.06628
1302.12 0.065
1302.27 0.06527
1302.43 0.06559
1302.59 0.0653
1302.75 0.064
1302.9 0.06404
1303.06 0.06437
1303.21 0.06604
1303.37 0.06586
1303.53 0.0654
1303.69 0.06558
1303.84 0.06677
1304 0.06661
1304.16 0.06654
1304.32 0.06506
1304.47 0.06547
1304.63 0.06572
1304.79 0.06537
1304.95 0.06377
1305.1 0.06399
1305.26 0.0644
1305.41 0.06627
1305.57 0.06612
1305.73 0.06576
1305.89 0.06623
1306.04 0.06774
1306.2 0.0674
1306.36 0.06723
1306.52 0.06771
1306.67 0.06883
1306.83 0.06905
1306.99 0.06892
1307.15 0.06762
1307.3 0.06794
1307.46 0.06832
1307.62 0.06801
1307.78 0.06678
1307.93 0.06653
1308.09 0.06695
1308.24 0.06849
1308.4 0.06822
1308.56 0.0679
1308.72 0.06806
1308.87 0.06946
1309.03 0.06957
1309.19 0.06936
1309.35 0.06782
1309.5 0.06819
1309.66 0.06842
1309.82 0.06801
1309.98 0.06661
1310.13 0.06662
1310.29 0.06688
1310.44 0.06846
1310.6 0.06819
1310.76 0.06785
1310.92 0.068
1311.07 0.06951
1311.23 0.06928
1311.39 0.06913
1311.55 0.06773
1311.7 0.06801
1311.86 0.06817
1312.02 0.06783
1312.18 0.06631
1312.33 0.0665
1312.49 0.06687
1312.64 0.06846
1312.8 0.06822
1312.96 0.06778
1313.12 0.06798
1313.27 0.0694
1313.43 0.069
1313.59 0.06883
1313.75 0.06933
1313.9 0.07046
1314.06 0.07073
1314.22 0.0706
1314.38 0.06909
1314.53 0.06918
1314.69 0.06949
1314.85 0.06924
1315.01 0.06789
1315.16 0.06753
1315.32 0.06775
1315.47 0.06896
1315.63 0.06855
1315.79 0.0681
1315.95 0.0684
1316.1 0.0697
1316.26 0.06965
1316.42 0.06963
1316.58 0.0679
1316.73 0.06821
1316.89 0.06868
1317.05 0.06851
1317.21 0.06722
1317.36 0.06744
1317.52 0.06767
1317.67 0.06941
1317.83 0.06905
1317.99 0.06889
1318.15 0.06928
1318.3 0.07081
1318.46 0.07062
1318.62 0.07017
1318.78 0.06838
1318.93 0.06852
1319.09 0.06875
1319.25 0.06838
1319.41 0.067
1319.56 0.06739
1319.72 0.06766
1319.88 0.06732
1320.04 0.06606
1320.19 0.06581
1320.35 0.06608
1320.5 0.06751
1320.66 0.0672
1320.82 0.06685
1320.98 0.06707
1321.13 0.06838
1321.29 0.06859
1321.45 0.06814
1321.61 0.06664
1321.76 0.06693
1321.92 0.06726
1322.08 0.06714
1322.24 0.06592
1322.39 0.06574
1322.55 0.0662
1322.7 0.06777
1322.86 0.06749
1323.02 0.06735
1323.18 0.06775
1323.33 0.06918
1323.49 0.0691
1323.65 0.0688
1323.81 0.06724
1323.96 0.06746
1324.12 0.06778
1324.28 0.06747
1324.44 0.06592
1324.59 0.06623
1324.75 0.06665
1324.9 0.06795
1325.06 0.06771
1325.22 0.06742
1325.38 0.06774
1325.53 0.06925
1325.69 0.06918
1325.85 0.0689
1326.01 0.06723
1326.16 0.0676
1326.32 0.06801
1326.48 0.06787
1326.64 0.0665
1326.79 0.06692
1326.95 0.06715
1327.11 0.0669
1327.27 0.06569
1327.42 0.06546
1327.58 0.06572
1327.73 0.06718
1327.89 0.06721
1328.05 0.06682
1328.21 0.06732
1328.36 0.06876
1328.52 0.06901
1328.68 0.06884
1328.84 0.0676
1328.99 0.06811
1329.15 0.06846
1329.31 0.06834
1329.47 0.06707
1329.62 0.06713
1329.78 0.06733
1329.93 0.06916
1330.09 0.06899
1330.25 0.06867
1330.41 0.06893
1330.56 0.07021
1330.72 0.06995
1330.88 0.06952
1331.04 0.06792
1331.19 0.06838
1331.35 0.06849
1331.51 0.06825
1331.67 0.06713
1331.82 0.06739
1331.98 0.06789
1332.13 0.06963
1332.29 0.06943
1332.45 0.06912
1332.61 0.06937
1332.76 0.0708
1332.92 0.07055
1333.07 0.07301
1333.23 0.07475
1333.39 0.07608
1333.55 0.07624
1333.71 0.0759
1333.87 0.07445
1334.02 0.07475
1334.18 0.0749
1334.34 0.07465
1334.5 0.07343
1334.65 0.07309
1334.81 0.07343
1334.96 0.07497
1335.12 0.07479
1335.28 0.07443
1335.44 0.07467
1335.59 0.0761
1335.75 0.07621
1335.91 0.07582
1336.07 0.07424
1336.22 0.07465
1336.38 0.07471
1336.54 0.07429
1336.7 0.07291
1336.85 0.07303
1337.01 0.07332
1337.16 0.07492
1337.32 0.07474
1337.48 0.07427
1337.64 0.07459
1337.79 0.07613
1337.95 0.07582
1338.11 0.07525
1338.27 0.07374
1338.42 0.07421
1338.58 0.07434
1338.74 0.074
1338.9 0.07274
1339.05 0.07293
1339.21 0.07317
1339.37 0.07306
1339.53 0.07179
1339.68 0.07132
1339.84 0.07147
1339.99 0.07322
1340.15 0.07301
1340.31 0.07279
1340.47 0.07318
1340.62 0.07468
1340.78 0.07474
1340.94 0.0745
1341.1 0.07337
1341.25 0.07367
1341.41 0.07416
1341.57 0.07395
1341.73 0.07289
1341.88 0.07271
1342.04 0.07292
1342.19 0.07475
1342.35 0.07447
1342.51 0.07424
1342.67 0.07455
1342.82 0.07608
1342.98 0.07605
1343.14 0.07582
1343.3 0.07444
1343.45 0.07476
1343.61 0.07499
1343.77 0.07486
1343.93 0.07375
1344.08 0.07407
1344.24 0.07438
1344.39 0.07613
1344.55 0.07589
1344.71 0.07575
1344.87 0.07611
1345.02 0.07771
1345.18 0.07756
1345.34 0.07723
1345.5 0.07575
1345.65 0.07623
1345.81 0.07646
1345.97 0.07649
1346.13 0.07528
1346.28 0.0758
1346.44 0.07333
1346.6 0.07187
1346.76 0.07066
1346.91 0.07047
1347.07 0.07084
1347.22 0.07244
1347.38 0.07236
1347.54 0.07213
1347.7 0.07252
1347.85 0.07408
1348.01 0.07433
1348.17 0.07411
1348.33 0.07279
1348.48 0.07315
1348.64 0.07341
1348.8 0.07341
1348.96 0.07232
1349.11 0.07235
1349.27 0.07259
1349.42 0.07432
1349.58 0.07415
1349.73 0.07698
1349.89 0.07912
1350.05 0.08068
1350.21 0.08056
1350.37 0.08034
1350.53 0.07883
1350.68 0.07928
1350.84 0.07967
1351 0.07952
1351.16 0.07813
1351.31 0.07844
1351.47 0.07873
1351.63 0.07858
1351.79 0.07736
1351.94 0.07721
1352.1 0.07756
1352.25 0.07899
1352.41 0.07889
1352.57 0.07858
1352.73 0.07891
1352.88 0.08038
1353.04 0.08067
1353.2 0.08055
1353.36 0.07894
1353.51 0.07931
1353.67 0.07949
1353.83 0.07916
1353.99 0.07778
1354.14 0.07762
1354.3 0.0779
1354.45 0.07923
1354.61 0.07896
1354.77 0.07839
1354.93 0.07841
1355.08 0.07949
1355.24 0.07952
1355.4 0.07921
1355.56 0.07731
1355.71 0.07764
1355.87 0.0777
1356.03 0.07732
1356.19 0.07578
1356.34 0.07592
1356.5 0.07614
1356.65 0.07769
1356.81 0.07748
1356.97 0.07717
1357.13 0.07743
1357.28 0.07877
1357.44 0.07839
1357.6 0.07821
1357.76 0.07652
1357.91 0.07673
1358.07 0.0768
1358.23 0.07643
1358.39 0.07488
1358.54 0.07503
1358.7 0.07528
1358.86 0.07488
1359.02 0.07366
1359.17 0.07336
1359.33 0.07352
1359.48 0.07481
1359.64 0.07444
1359.8 0.07409
1359.96 0.07406
1360.11 0.07528
1360.27 0.07547
1360.43 0.07512
1360.59 0.07361
1360.74 0.07374
1360.9 0.07404
1361.06 0.07368
1361.22 0.07221
1361.37 0.07207
1361.53 0.07215
1361.68 0.07344
1361.84 0.07305
1362 0.07271
1362.16 0.07274
1362.31 0.07385
1362.47 0.07371
1362.63 0.0734
1362.79 0.07168
1362.94 0.0718
1363.1 0.06909
1363.26 0.0671
1363.42 0.06563
1363.57 0.06578
1363.73 0.06594
1363.88 0.06742
1364.04 0.06701
1364.2 0.06664
1364.36 0.0666
1364.51 0.06789
1364.67 0.06758
1364.83 0.06725
1364.99 0.06747
1365.14 0.06861
1365.3 0.06876
1365.46 0.06824
1365.62 0.06659
1365.77 0.06674
1365.93 0.06702
1366.09 0.06653
1366.25 0.06512
1366.4 0.0648
1366.56 0.06481
1366.71 0.06612
1366.87 0.06566
1367.03 0.06535
1367.19 0.06543
1367.34 0.06661
1367.5 0.06674
1367.66 0.06617
1367.82 0.06458
1367.97 0.06475
1368.13 0.06512
1368.29 0.06492
1368.45 0.06371
1368.6 0.06371
1368.76 0.06394
1368.91 0.06546
1369.07 0.06506
1369.23 0.06497
1369.39 0.06516
1369.54 0.06659
1369.7 0.06643
1369.86 0.06596
1370.02 0.06413
1370.17 0.06416
1370.33 0.0645
1370.49 0.06398
1370.65 0.06251
1370.8 0.06285
1370.96 0.063
1371.11 0.06449
1371.27 0.06416
1371.43 0.06402
1371.59 0.06429
1371.74 0.06561
1371.9 0.06545
1372.06 0.06525
1372.22 0.06573
1372.37 0.06691
1372.53 0.06742
1372.69 0.06702
1372.85 0.06565
1373 0.06591
1373.16 0.06622
1373.32 0.06594
1373.48 0.06457
1373.63 0.06442
1373.79 0.06468
1373.94 0.06598
1374.1 0.06575
1374.26 0.06544
1374.42 0.06571
1374.57 0.06679
1374.73 0.06697
1374.89 0.06685
1375.05 0.06529
1375.2 0.06562
1375.36 0.06596
1375.52 0.06567
1375.68 0.06433
1375.83 0.06441
1375.99 0.06474
1376.14 0.0662
1376.3 0.06593
1376.46 0.06567
1376.62 0.06596
1376.77 0.06732
1376.93 0.0671
1377.09 0.0669
1377.25 0.06548
1377.4 0.06581
1377.56 0.0662
1377.72 0.06626
1377.88 0.06513
1378.03 0.06542
1378.19 0.06584
1378.34 0.06745
1378.5 0.06723
1378.66 0.06722
1378.82 0.06782
1378.97 0.06935
1379.13 0.06907
1379.29 0.06886
1379.45 0.06929
1379.6 0.07042
1379.76 0.07087
1379.92 0.0708
1380.08 0.06948
1380.23 0.0698
1380.39 0.07009
1380.55 0.06991
1380.71 0.06857
1380.86 0.0686
1381.02 0.06918
1381.17 0.07069
1381.33 0.07045
1381.49 0.0702
1381.65 0.07065
1381.8 0.07184
1381.96 0.07196
1382.12 0.07197
1382.28 0.07066
1382.43 0.07083
1382.59 0.07114
1382.75 0.07096
1382.91 0.06958
1383.06 0.06953
1383.22 0.07004
1383.37 0.07168
1383.53 0.07151
1383.69 0.0712
1383.85 0.07175
1384 0.07305
1384.16 0.0728
1384.32 0.07272
1384.48 0.07112
1384.63 0.07137
1384.79 0.07167
1384.95 0.07142
1385.11 0.06996
1385.26 0.06997
1385.42 0.07029
1385.57 0.07165
1385.73 0.07127
1385.89 0.07087
1386.05 0.07112
1386.2 0.07228
1386.36 0.07183
1386.52 0.07167
1386.68 0.07211
1386.83 0.07334
1386.99 0.07359
1387.15 0.07336
1387.31 0.07194
1387.46 0.072
1387.62 0.07251
1387.78 0.0722
1387.94 0.07091
1388.09 0.07068
1388.25 0.07089
1388.4 0.07243
1388.56 0.07195
1388.72 0.07164
1388.88 0.07199
1389.03 0.0733
1389.19 0.07339
1389.35 0.07309
1389.51 0.07157
1389.66 0.07165
1389.82 0.07193
1389.98 0.07153
1390.14 0.07002
1390.29 0.07016
1390.45 0.07033
1390.6 0.07154
1390.76 0.07096
1390.92 0.07074
1391.08 0.07066
1391.23 0.07158
1391.39 0.07129
1391.55 0.07097
1391.71 0.06906
1391.86 0.06905
1392.02 0.06926
1392.18 0.0688
1392.34 0.06711
1392.49 0.06722
1392.65 0.06733
1392.8 0.06875
1392.96 0.06824
1393.12 0.06792
1393.28 0.06822
1393.43 0.06942
1393.59 0.06899
1393.75 0.06899
1393.91 0.0691
1394.06 0.07022
1394.22 0.07049
1394.38 0.07
1394.54 0.06835
1394.69 0.06828
1394.85 0.06867
1395.01 0.06826
1395.17 0.06686
1395.32 0.06656
1395.48 0.06671
1395.63 0.06789
1395.79 0.0675
1395.95 0.06745
1396.11 0.0677
1396.26 0.06881
1396.42 0.06902
1396.58 0.06851
1396.74 0.0667
1396.89 0.0667
1397.05 0.06711
1397.21 0.06656
1397.37 0.06495
1397.52 0.06498
1397.68 0.06514
1397.83 0.06655
1397.99 0.06597
1398.15 0.0658
1398.31 0.06612
1398.46 0.06737
1398.62 0.06726
1398.78 0.067
1398.94 0.06544
1399.09 0.06554
1399.25 0.0661
1399.41 0.06606
1399.57 0.06453
1399.72 0.06468
1399.88 0.06505
1400.03 0.06665
1400.19 0.06617
1400.35 0.06628
1400.51 0.06675
1400.66 0.06808
1400.82 0.06774
1400.98 0.06748
1401.14 0.06787
1401.29 0.06894
1401.45 0.06936
1401.61 0.06945
1401.77 0.06807
1401.92 0.06823
1402.08 0.06872
1402.24 0.06852
1402.4 0.06706
1402.55 0.06709
1402.71 0.06766
1402.86 0.0691
1403.02 0.06886
1403.18 0.06882
1403.34 0.06921
1403.49 0.07051
1403.65 0.07069
1403.81 0.07071
1403.97 0.06933
1404.12 0.06956
1404.28 0.06994
1404.44 0.06996
1404.6 0.0687
1404.75 0.06863
1404.91 0.06904
1405.06 0.07074
1405.22 0.07053
1405.38 0.07041
1405.54 0.07085
1405.69 0.07228
1405.85 0.07214
1406.01 0.07232
1406.17 0.07101
1406.32 0.07133
1406.48 0.07191
1406.64 0.07174
1406.8 0.07042
1406.95 0.07044
1407.11 0.07077
1407.26 0.07251
1407.42 0.07227
1407.58 0.07214
1407.74 0.07267
1407.89 0.07404
1408.05 0.0737
1408.21 0.07363
1408.37 0.07409
1408.52 0.07525
1408.68 0.07578
1408.84 0.07573
1409 0.07431
1409.15 0.07441
1409.31 0.07468
1409.47 0.07447
1409.63 0.07323
1409.78 0.07321
1409.94 0.07373
1410.09 0.07532
1410.25 0.07485
1410.41 0.07465
1410.57 0.07518
1410.72 0.07651
1410.88 0.07666
1411.04 0.07656
1411.2 0.075
1411.35 0.07524
1411.51 0.07564
1411.67 0.07523
1411.83 0.07381
1411.98 0.07372
1412.14 0.0741
1412.29 0.07553
1412.45 0.07508
1412.61 0.07472
1412.77 0.0748
1412.92 0.07613
1413.08 0.07597
1413.24 0.07568
1413.4 0.07369
1413.55 0.0739
1413.71 0.07399
1413.87 0.07347
1414.03 0.07201
1414.18 0.07211
1414.34 0.07266
1414.49 0.07402
1414.65 0.07359
1414.81 0.07325
1414.97 0.07299
1415.12 0.07395
1415.28 0.07367
1415.44 0.07337
1415.6 0.07316
1415.75 0.07426
1415.91 0.0743
1416.07 0.07349
1416.23 0.07155
1416.38 0.07161
1416.54 0.07163
1416.7 0.07116
1416.86 0.06981
1417.01 0.06949
1417.17 0.06929
1417.32 0.07053
1417.48 0.07022
1417.64 0.06997
1417.8 0.07005
1417.95 0.07124
1418.11 0.07137
1418.27 0.07101
1418.43 0.06943
1418.58 0.06961
1418.74 0.06997
1418.9 0.06972
1419.06 0.06835
1419.21 0.06848
1419.37 0.06859
1419.52 0.07
1419.68 0.0696
1419.84 0.06924
1420 0.06924
1420.15 0.07038
1420.31 0.07027
1420.47 0.06972
1420.63 0.06791
1420.78 0.06804
1420.94 0.06826
1421.1 0.0678
1421.26 0.06631
1421.41 0.06669
1421.57 0.06675
1421.72 0.06814
1421.88 0.06772
1422.04 0.06745
1422.2 0.06762
1422.35 0.06886
1422.51 0.06868
1422.67 0.06894
1422.83 0.06906
1422.98 0.07009
1423.14 0.0703
1423.3 0.06987
1423.46 0.06848
1423.61 0.06886
1423.77 0.06898
1423.93 0.06861
1424.09 0.06741
1424.24 0.06715
1424.4 0.06756
1424.55 0.06913
1424.71 0.06894
1424.87 0.06875
1425.03 0.0688
1425.18 0.07008
1425.34 0.07026
1425.5 0.06983
1425.66 0.06816
1425.81 0.0684
1425.97 0.06862
1426.13 0.06833
1426.29 0.06692
1426.44 0.06699
1426.6 0.0673
1426.75 0.069
1426.91 0.06869
1427.07 0.06835
1427.23 0.06862
1427.38 0.06993
1427.54 0.06971
1427.7 0.06907
1427.86 0.06757
1428.01 0.06798
1428.17 0.06832
1428.33 0.06824
1428.49 0.06697
1428.64 0.0671
1428.8 0.06747
1428.96 0.06735
1429.12 0.0662
1429.27 0.06608
1429.43 0.06639
1429.58 0.06801
1429.74 0.06762
1429.9 0.06737
1430.06 0.06786
1430.21 0.06902
1430.37 0.0693
1430.53 0.06938
1430.69 0.06786
1430.84 0.06804
1431 0.06912
1431.16 0.06873
1431.32 0.06731
1431.47 0.06716
1431.63 0.06736
1431.78 0.06884
1431.94 0.0684
1432.1 0.06803
1432.26 0.06816
1432.41 0.06929
1432.57 0.06909
1432.73 0.06882
1432.89 0.06703
1433.04 0.06727
1433.2 0.06748
1433.36 0.06711
1433.52 0.06577
1433.67 0.06592
1433.83 0.06623
1433.98 0.06787
1434.14 0.06749
1434.3 0.06732
1434.46 0.06759
1434.61 0.06898
1434.77 0.0686
1434.93 0.06834
1435.09 0.06657
1435.24 0.06684
1435.4 0.06705
1435.56 0.06652
1435.72 0.06513
1435.87 0.06535
1436.03 0.06511
1436.19 0.06493
1436.35 0.06373
1436.5 0.06344
1436.66 0.06371
1436.81 0.06497
1436.97 0.06462
1437.13 0.06453
1437.29 0.06473
1437.44 0.06579
1437.6 0.06605
1437.76 0.06549
1437.92 0.06393
1438.07 0.06402
1438.23 0.06429
1438.39 0.06427
1438.55 0.06283
1438.7 0.0627
1438.86 0.06284
1439.01 0.06413
1439.17 0.06376
1439.32 0.06637
1439.48 0.06819
1439.64 0.06955
1439.8 0.06949
1439.96 0.06911
1440.12 0.06754
1440.27 0.06778
1440.43 0.06813
1440.59 0.06782
1440.75 0.06621
1440.9 0.06643
1441.06 0.06651
1441.21 0.06799
1441.37 0.06758
1441.53 0.06732
1441.69 0.06763
1441.84 0.06893
1442 0.06871
1442.16 0.06821
1442.32 0.06838
1442.47 0.06943
1442.63 0.06983
1442.79 0.06968
1442.95 0.06838
1443.1 0.06884
1443.26 0.06916
1443.42 0.0687
1443.58 0.06757
1443.73 0.0674
1443.89 0.06787
1444.04 0.06933
1444.2 0.06901
1444.36 0.06782
1444.52 0.06796
1444.67 0.06912
1444.83 0.06939
1444.99 0.06905
1445.15 0.06729
1445.3 0.06758
1445.46 0.06777
1445.62 0.06738
1445.78 0.06606
1445.93 0.066
1446.09 0.06643
1446.24 0.06815
1446.4 0.06797
1446.56 0.06782
1446.72 0.06812
1446.87 0.06933
1447.03 0.06927
1447.19 0.06922
1447.35 0.06767
1447.5 0.06793
1447.66 0.06817
1447.82 0.06812
1447.98 0.06687
1448.13 0.06704
1448.29 0.06758
1448.44 0.06937
1448.6 0.06911
1448.76 0.06887
1448.92 0.06936
1449.07 0.07067
1449.23 0.07027
1449.39 0.07012
1449.55 0.07067
1449.707 0.07146
1449.867 0.07155
1450.017 0.07083
1450.177 0.06998
1450.327 0.07174
1450.487 0.07137
1450.647 0.07095
1450.807 0.07071
1450.957 0.07185
1451.117 0.07144
1451.277 0.07162
1451.437 0.07185
1451.587 0.07173
1451.747 0.07191
1451.907 0.07247
1452.067 0.07263
1452.217 0.07176
1452.377 0.07081
1452.527 0.07267
1452.687 0.06986
1452.847 0.0677
1453.007 0.06717
1453.157 0.06864
1453.317 0.06815
1453.477 0.06824
1453.637 0.06824
1453.787 0.06857
1453.947 0.06851
1454.107 0.06902
1454.267 0.06903
1454.417 0.06851
1454.577 0.06713
1454.727 0.06897
1454.887 0.06943
1455.047 0.06872
1455.207 0.06806
1455.357 0.06994
1455.517 0.06954
1455.677 0.06963
1455.837 0.06949
1455.987 0.0701
1456.147 0.06988
1456.307 0.07006
1456.467 0.07006
1456.617 0.06971
1456.777 0.06998
1456.937 0.07064
1457.097 0.07061
1457.247 0.06952
1457.407 0.06858
1457.557 0.07036
1457.717 0.07022
1457.877 0.07014
1458.037 0.06977
1458.187 0.07084
1458.347 0.0705
1458.507 0.07072
1458.667 0.07062
1458.817 0.07052
1458.977 0.07069
1459.137 0.07133
1459.297 0.07152
1459.447 0.07043
1459.607 0.06888
1459.757 0.07039
1459.917 0.07042
1460.077 0.06992
1460.237 0.06928
1460.387 0.07072
1460.547 0.06997
1460.707 0.06978
1460.867 0.06967
1461.017 0.0699
1461.177 0.06973
1461.337 0.07005
1461.497 0.07033
1461.647 0.06937
1461.807 0.06767
1461.957 0.06927
1462.117 0.06964
1462.277 0.0688
1462.437 0.06791
1462.587 0.06976
1462.747 0.06903
1462.907 0.06845
1463.067 0.06866
1463.217 0.0696
1463.377 0.07003
1463.537 0.06978
1463.697 0.0683
1463.847 0.06851
1464.007 0.06881
1464.167 0.06828
1464.327 0.06699
1464.477 0.06688
1464.637 0.06709
1464.787 0.06843
1464.947 0.06801
1465.107 0.06768
1465.267 0.06793
1465.417 0.06893
1465.577 0.06931
1465.737 0.069
1465.897 0.06734
1466.047 0.06756
1466.207 0.06777
1466.367 0.06732
1466.527 0.06576
1466.677 0.06564
1466.837 0.06586
1466.987 0.06714
1467.147 0.06675
1467.307 0.06655
1467.467 0.06684
1467.617 0.06798
1467.777 0.06802
1467.937 0.06772
1468.097 0.0659
1468.247 0.06597
1468.407 0.06627
1468.567 0.066
1468.727 0.06435
1468.877 0.06446
1469.037 0.06469
1469.187 0.06605
1469.347 0.06558
1469.507 0.06539
1469.667 0.06574
1469.817 0.06694
1469.977 0.06656
1470.137 0.06637
1470.297 0.06649
1470.447 0.06763
1470.607 0.06806
1470.767 0.06793
1470.927 0.06638
1471.077 0.06633
1471.237 0.06674
1471.387 0.06862
1471.547 0.06822
1471.707 0.06812
1471.867 0.06849
1472.017 0.07001
1472.177 0.06965
1472.337 0.06963
1472.497 0.07017
1472.647 0.07135
1472.807 0.07162
1472.967 0.07166
1473.127 0.07038
1473.277 0.07052
1473.437 0.0711
1473.597 0.07096
1473.757 0.06972
1473.907 0.06971
1474.067 0.06997
1474.217 0.07144
1474.377 0.07097
1474.537 0.07072
1474.697 0.07077
1474.847 0.07187
1475.007 0.07175
1475.167 0.07145
1475.327 0.06964
1475.477 0.06976
1475.637 0.07018
1475.797 0.06983
1475.957 0.06801
1476.107 0.06816
1476.267 0.06835
1476.417 0.06968
1476.577 0.06911
1476.737 0.06879
1476.897 0.06885
1477.047 0.06997
1477.207 0.0696
1477.367 0.06936
1477.527 0.06944
1477.677 0.07028
1477.837 0.07065
1477.997 0.07014
1478.157 0.06838
1478.307 0.06856
1478.467 0.06878
1478.617 0.07038
1478.777 0.06983
1478.937 0.06961
1479.097 0.06976
1479.247 0.07104
1479.407 0.07061
1479.567 0.07059
1479.727 0.07072
1479.877 0.07191
1480.037 0.07234
1480.197 0.07204
1480.357 0.07026
1480.507 0.07035
1480.667 0.0707
1480.827 0.07043
1480.987 0.06918
1481.137 0.06891
1481.297 0.06895
1481.447 0.07025
1481.607 0.06991
1481.767 0.06963
1481.927 0.06952
1482.077 0.07055
1482.237 0.07062
1482.397 0.07012
1482.557 0.06812
1482.709 0.06744
1482.869 0.06802
1483.019 0.0688
1483.179 0.06728
1483.339 0.06768
1483.499 0.06786
1483.649 0.0682
1483.809 0.06716
1483.969 0.06723
1484.129 0.06673
1484.279 0.06674
1484.439 0.06728
1484.599 0.06685
1484.759 0.06408
1484.909 0.06324
1485.069 0.06372
1485.219 0.06475
1485.379 0.063
1485.539 0.06317
1485.699 0.06319
1485.849 0.0634
1486.009 0.06205
1486.169 0.06232
1486.329 0.06201
1486.479 0.06191
1486.639 0.06185
1486.799 0.06135
1486.959 0.06085
1487.109 0.06077
1487.269 0.06153
1487.419 0.06302
1487.579 0.0614
1487.739 0.06126
1487.899 0.06171
1488.049 0.06263
1488.209 0.06119
1488.369 0.06167
1488.529 0.06173
1488.679 0.0622
1488.839 0.06187
1488.999 0.06186
1489.159 0.06171
1489.309 0.0621
1489.469 0.06268
1489.629 0.06235
1489.789 0.06021
1489.939 0.05974
1490.099 0.06042
1490.249 0.06146
1490.409 0.06011
1490.569 0.06057
1490.729 0.06085
1490.879 0.06151
1491.039 0.0608
1491.199 0.0609
1491.359 0.06105
1491.509 0.06124
1491.669 0.06153
1491.829 0.06153
1491.989 0.05919
1492.139 0.05854
1492.299 0.05937
1492.449 0.06065
1492.609 0.05932
1492.769 0.05951
1492.929 0.05983
1493.079 0.06069
1493.239 0.0596
1493.399 0.05988
1493.559 0.05991
1493.709 0.06037
1493.869 0.06052
1494.029 0.06074
1494.189 0.06063
1494.339 0.06073
1494.499 0.06164
1494.649 0.06326
1494.809 0.06203
1494.969 0.06195
1495.129 0.06283
1495.279 0.0639
1495.439 0.06263
1495.599 0.06372
1495.759 0.06424
1495.909 0.06501
1496.069 0.06552
1496.229 0.06548
1496.389 0.06416
1496.539 0.06431
1496.699 0.06475
1496.849 0.06651
1497.009 0.06627
1497.169 0.06633
1497.329 0.06692
1497.479 0.06857
1497.639 0.06832
1497.799 0.0682
1497.959 0.0686
1498.109 0.06991
1498.269 0.07017
1498.429 0.07038
1498.589 0.06899
1498.739 0.06923
1498.899 0.06975
1499.059 0.06981
1499.219 0.06864
1499.369 0.06886
1499.529 0.06943
1499.679 0.07116
1499.839 0.07079
1499.999 0.07074
1500.159 0.07139
1500.309 0.07252
1500.469 0.07247
1500.629 0.07246
1500.789 0.0709
1500.939 0.07113
1501.099 0.07145
1501.259 0.07124
1501.419 0.06981
1501.569 0.06971
1501.729 0.07027
1501.879 0.07224
1502.039 0.07185
1502.199 0.07185
1502.359 0.0722
1502.509 0.07353
1502.669 0.07315
1502.829 0.07317
1502.989 0.07367
1503.139 0.07461
1503.299 0.07506
1503.459 0.07491
1503.619 0.07351
1503.769 0.07347
1503.929 0.07454
1504.079 0.07632
1504.239 0.07589
1504.399 0.07573
1504.559 0.07622
1504.709 0.07755
1504.869 0.07711
1505.029 0.07719
1505.189 0.07744
1505.339 0.07862
1505.499 0.07904
1505.659 0.0788
1505.819 0.07736
1505.969 0.07714
1506.129 0.07764
1506.289 0.07741
1506.449 0.07578
1506.599 0.07571
1506.759 0.07603
1506.909 0.07742
1507.069 0.0769
1507.229 0.07671
1507.389 0.07695
1507.539 0.07798
1507.699 0.07795
1507.859 0.07777
1508.019 0.07614
1508.169 0.07606
1508.329 0.07653
1508.489 0.07599
1508.649 0.07432
1508.799 0.07432
1508.959 0.07405
1509.109 0.07553
1509.269 0.07496
1509.429 0.07491
1509.589 0.07517
1509.739 0.07624
1509.899 0.0759
1510.059 0.07558
1510.219 0.07379
1510.369 0.07372
1510.529 0.07412
1510.689 0.07377
1510.849 0.07198
1510.999 0.0721
1511.159 0.07234
1511.309 0.07381
1511.469 0.07316
1511.629 0.07316
1511.789 0.07332
1511.939 0.07443
1512.099 0.07397
1512.259 0.07409
1512.419 0.07393
1512.569 0.07471
1512.729 0.07488
1512.889 0.07447
1513.049 0.07277
1513.199 0.07288
1513.359 0.07323
1513.519 0.07291
1513.679 0.07156
1513.829 0.07157
1513.989 0.07194
1514.139 0.07322
1514.299 0.07271
1514.459 0.07281
1514.619 0.07299
1514.769 0.07405
1514.929 0.07443
1515.089 0.07418
1515.249 0.07234
1515.399 0.0723
1515.559 0.07267
1515.719 0.07237
1515.879 0.07073
1516.029 0.07066
1516.189 0.07087
1516.339 0.07196
1516.499 0.07134
1516.659 0.07115
1516.819 0.07127
1516.969 0.07231
1517.129 0.07221
1517.289 0.07132
1517.449 0.06938
1517.599 0.06948
1517.759 0.06999
1517.919 0.06975
1518.079 0.06805
1518.229 0.06795
1518.389 0.06807
1518.539 0.06962
1518.699 0.06909
1518.859 0.069
1519.019 0.06934
1519.169 0.07045
1519.329 0.0701
1519.489 0.07005
1519.649 0.07045
1519.799 0.0717
1519.959 0.07213
1520.119 0.07206
1520.279 0.07057
1520.429 0.0706
1520.589 0.07112
1520.749 0.07068
1520.909 0.06922
1521.059 0.0692
1521.219 0.06948
1521.369 0.07068
1521.529 0.07016
1521.689 0.07016
1521.849 0.07056
1521.999 0.07165
1522.159 0.07182
1522.319 0.07166
1522.479 0.06981
1522.629 0.06975
1522.789 0.07022
1522.949 0.06992
1523.109 0.06839
1523.259 0.06836
1523.419 0.06884
1523.569 0.07026
1523.729 0.06962
1523.889 0.0695
1524.049 0.06963
1524.199 0.07073
1524.359 0.07048
1524.519 0.07041
1524.679 0.06867
1524.829 0.06865
1524.989 0.06911
1525.149 0.06891
1525.309 0.06754
1525.459 0.06747
1525.619 0.06759
1525.769 0.06943
1525.929 0.06888
1526.089 0.06888
1526.249 0.06931
1526.399 0.07031
1526.559 0.0698
1526.719 0.06964
1526.879 0.06968
1527.029 0.07047
1527.189 0.07096
1527.349 0.07059
1527.509 0.06896
1527.659 0.06884
1527.819 0.06917
1527.969 0.07078
1528.129 0.07009
1528.289 0.07004
1528.449 0.07018
1528.599 0.07113
1528.759 0.07064
1528.909 0.07307
1529.069 0.07466
1529.229 0.07563
1529.389 0.07619
1529.549 0.07607
1529.709 0.0747
1529.859 0.07467
1530.019 0.07518
1530.179 0.07493
1530.339 0.07333
1530.489 0.07337
1530.645 0.07284
1530.805 0.07264
1530.965 0.07272
1531.115 0.07336
1531.275 0.07289
1531.435 0.07341
1531.595 0.07402
1531.745 0.07356
1531.905 0.07179
1532.065 0.07153
1532.225 0.07116
1532.375 0.07022
1532.535 0.06945
1532.685 0.0716
1532.845 0.07098
1533.005 0.07041
1533.165 0.07024
1533.315 0.07112
1533.475 0.07056
1533.635 0.07063
1533.795 0.0711
1533.945 0.07072
1534.105 0.07068
1534.265 0.07117
1534.425 0.07109
1534.575 0.07009
1534.735 0.06924
1534.885 0.07139
1535.045 0.07106
1535.205 0.07043
1535.365 0.07017
1535.515 0.07143
1535.675 0.0708
1535.835 0.07097
1535.995 0.07136
1536.145 0.0713
1536.305 0.07116
1536.465 0.07188
1536.625 0.07226
1536.775 0.07136
1536.935 0.07007
1537.085 0.07226
1537.245 0.07241
1537.405 0.0717
1537.565 0.07145
1537.715 0.07326
1537.875 0.07253
1538.035 0.07262
1538.195 0.07289
1538.345 0.07313
1538.505 0.07281
1538.665 0.07309
1538.825 0.07347
1538.975 0.07265
1539.135 0.07102
1539.285 0.07302
1539.445 0.07343
1539.605 0.07241
1539.765 0.07161
1539.915 0.07338
1540.075 0.0728
1540.235 0.07249
1540.395 0.07238
1540.545 0.07293
1540.705 0.07245
1540.865 0.07261
1541.025 0.07285
1541.175 0.07241
1541.335 0.07061
1541.495 0.07043
1541.655 0.07008
1541.805 0.06913
1541.965 0.06824
1542.115 0.07011
1542.275 0.06721
1542.435 0.06533
1542.595 0.06496
1542.745 0.06572
1542.905 0.06504
1543.065 0.06483
1543.225 0.06493
1543.375 0.06476
1543.535 0.06473
1543.687 0.06654
1543.847 0.06645
1544.007 0.06682
1544.167 0.06713
1544.317 0.06733
1544.477 0.06641
1544.637 0.06668
1544.797 0.06629
1544.947 0.06621
1545.107 0.06654
1545.267 0.06628
1545.427 0.06571
1545.577 0.06575
1545.737 0.06663
1545.887 0.06759
1546.047 0.06574
1546.207 0.06588
1546.367 0.06626
1546.517 0.06653
1546.677 0.06536
1546.837 0.06561
1546.997 0.06544
1547.147 0.06539
1547.307 0.06536
1547.467 0.06528
1547.627 0.06486
1547.777 0.06487
1547.937 0.06598
1548.087 0.06718
1548.247 0.06542
1548.407 0.06535
1548.567 0.06574
1548.717 0.06642
1548.877 0.065
1549.037 0.0654
1549.197 0.06527
1549.347 0.06518
1549.507 0.0649
1549.667 0.0649
1549.827 0.06449
1549.977 0.06434
1550.137 0.06516
1550.287 0.06656
1550.447 0.06479
1550.607 0.06426
1550.767 0.06493
1550.917 0.06567
1551.077 0.06383
1551.237 0.06452
1551.397 0.06473
1551.547 0.06497
1551.707 0.06437
1551.867 0.06456
1552.027 0.0644
1552.177 0.06429
1552.337 0.06497
1552.497 0.06484
1552.657 0.06233
1552.807 0.06159
1552.967 0.06232
1553.117 0.06346
1553.277 0.06195
1553.437 0.06241
1553.597 0.06288
1553.747 0.06336
1553.907 0.06242
1554.067 0.06276
1554.227 0.06275
1554.377 0.06295
1554.537 0.06322
1554.697 0.0631
1554.857 0.06252
1555.007 0.06254
1555.167 0.06322
1555.317 0.06446
1555.477 0.06283
1555.637 0.06305
1555.797 0.06358
1555.947 0.06434
1556.107 0.06314
1556.267 0.06361
1556.427 0.06396
1556.577 0.06422
1556.737 0.06418
1556.897 0.06427
1557.057 0.06278
1557.207 0.06295
1557.367 0.06329
1557.517 0.06482
1557.677 0.06425
1557.837 0.06435
1557.997 0.06486
1558.147 0.06617
1558.307 0.06559
1558.467 0.06535
1558.627 0.0656
1558.777 0.06653
1558.937 0.06696
1559.097 0.0667
1559.257 0.06514
1559.407 0.06522
1559.567 0.06566
1559.717 0.06725
1559.877 0.06673
1560.037 0.06676
1560.197 0.06719
1560.347 0.06862
1560.507 0.06807
1560.667 0.06801
1560.827 0.06828
1560.977 0.06937
1561.137 0.06967
1561.297 0.06942
1561.457 0.06785
1561.607 0.06786
1561.767 0.06833
1561.927 0.06834
1562.087 0.06698
1562.237 0.067
1562.397 0.06758
1562.547 0.06914
1562.707 0.06871
1562.867 0.06857
1563.027 0.06914
1563.177 0.07031
1563.337 0.07033
1563.497 0.0703
1563.657 0.06887
1563.807 0.06887
1563.967 0.06949
1564.127 0.06939
1564.287 0.06784
1564.437 0.06774
1564.597 0.06807
1564.747 0.06948
1564.907 0.06891
1565.067 0.06883
1565.227 0.06927
1565.377 0.07046
1565.537 0.07018
1565.697 0.07014
1565.857 0.07047
1566.007 0.07149
1566.167 0.07203
1566.327 0.07194
1566.487 0.07041
1566.637 0.07045
1566.797 0.07096
1566.947 0.07258
1567.107 0.07206
1567.267 0.07205
1567.427 0.07237
1567.577 0.0736
1567.737 0.07296
1567.897 0.07294
1568.057 0.07338
1568.207 0.07452
1568.367 0.07502
1568.527 0.07513
1568.687 0.0735
1568.837 0.07343
1568.997 0.07376
1569.147 0.07536
1569.307 0.07472
1569.467 0.07467
1569.627 0.07513
1569.777 0.07623
1569.937 0.07566
1570.097 0.07566
1570.257 0.07596
1570.407 0.07697
1570.567 0.07708
1570.727 0.07692
1570.887 0.07519
1571.037 0.07506
1571.197 0.07557
1571.357 0.07514
1571.517 0.0734
1571.667 0.07351
