%Time4 coef_friccion4
1000.139 0.0951
1000.299 0.09515
1000.459 0.09326
1000.609 0.09299
1000.769 0.09287
1000.919 0.0947
1001.079 0.09432
1001.239 0.09396
1001.399 0.09444
1001.549 0.0962
1001.709 0.09601
1001.869 0.09609
1002.029 0.09384
1002.179 0.09317
1002.339 0.09255
1002.499 0.09252
1002.659 0.09045
1002.809 0.0901
1002.969 0.08991
1003.119 0.09186
1003.279 0.09137
1003.439 0.09084
1003.599 0.09118
1003.749 0.09246
1003.909 0.09207
1004.069 0.09197
1004.229 0.09232
1004.379 0.09353
1004.539 0.09293
1004.699 0.09316
1004.859 0.09119
1005.009 0.09073
1005.169 0.09037
1005.319 0.09246
1005.479 0.09213
1005.639 0.09158
1005.799 0.09185
1005.949 0.09337
1006.109 0.09286
1006.269 0.09259
1006.429 0.09282
1006.579 0.09402
1006.739 0.09335
1006.899 0.09345
1007.059 0.09141
1007.209 0.0906
1007.369 0.08988
1007.519 0.09217
1007.679 0.09099
1007.839 0.09027
1007.999 0.09046
1008.149 0.09211
1008.309 0.09163
1008.469 0.09121
1008.629 0.09168
1008.779 0.09305
1008.939 0.09244
1009.099 0.09248
1009.259 0.09046
1009.409 0.0899
1009.569 0.08924
1009.719 0.09186
1009.879 0.09169
1010.039 0.09114
1010.199 0.09105
1010.349 0.09272
1010.509 0.09222
1010.669 0.09164
1010.829 0.09222
1010.979 0.09372
1011.139 0.09316
1011.299 0.09307
1011.459 0.09091
1011.609 0.09018
1011.769 0.08953
1011.929 0.08964
1012.089 0.08768
1012.239 0.08721
1012.399 0.08707
1012.549 0.08887
1012.709 0.08848
1012.869 0.08788
1013.029 0.08841
1013.179 0.08998
1013.339 0.08953
1013.499 0.08951
1013.659 0.08984
1013.809 0.09099
1013.969 0.09024
1014.129 0.09066
1014.289 0.08871
1014.439 0.08822
1014.599 0.08797
1014.749 0.09001
1014.909 0.08952
1015.069 0.0888
1015.229 0.08919
1015.379 0.09067
1015.539 0.09014
1015.699 0.08991
1015.859 0.0903
1016.009 0.09069
1016.169 0.08983
1016.329 0.09011
1016.489 0.08804
1016.639 0.08761
1016.799 0.08714
1016.949 0.08935
1017.109 0.089
1017.269 0.08833
1017.429 0.08858
1017.579 0.09013
1017.739 0.08967
1017.899 0.0893
1018.059 0.08972
1018.209 0.09083
1018.369 0.08995
1018.529 0.09013
1018.689 0.08808
1018.839 0.08743
1018.999 0.08681
1019.149 0.08921
1019.309 0.08888
1019.469 0.08826
1019.629 0.08839
1019.779 0.0902
1019.939 0.08974
1020.099 0.0893
1020.259 0.08986
1020.409 0.09105
1020.569 0.09033
1020.729 0.09044
1020.889 0.0883
1021.039 0.08827
1021.199 0.08756
1021.349 0.08979
1021.509 0.08931
1021.669 0.08862
1021.829 0.08871
1021.979 0.09049
1022.139 0.08981
1022.299 0.0892
1022.459 0.0898
1022.609 0.09112
1022.769 0.09057
1022.929 0.09054
1023.089 0.08836
1023.239 0.08747
1023.399 0.08662
1023.549 0.0892
1023.709 0.08885
1023.869 0.08835
1024.029 0.08821
1024.179 0.09013
1024.339 0.08865
1024.499 0.08793
1024.659 0.08848
1024.809 0.09002
1024.969 0.08961
1025.129 0.08949
1025.289 0.08989
1025.439 0.09101
1025.599 0.09009
1025.759 0.09031
1025.919 0.0883
1026.069 0.08775
1026.229 0.08753
1026.379 0.08955
1026.539 0.08919
1026.699 0.08853
1026.859 0.08883
1027.009 0.09037
1027.169 0.08987
1027.329 0.08962
1027.489 0.09006
1027.639 0.09122
1027.799 0.09039
1027.959 0.09043
1028.119 0.08842
1028.269 0.08787
1028.429 0.08749
1028.579 0.08979
1028.739 0.08978
1028.899 0.08919
1029.059 0.08955
1029.209 0.09134
1029.369 0.09169
1029.529 0.09138
1029.689 0.09186
1029.839 0.0931
1029.999 0.09248
1030.159 0.09263
1030.319 0.09068
1030.469 0.09024
1030.629 0.08964
1030.779 0.09188
1030.939 0.09161
1031.099 0.09109
1031.259 0.09126
1031.409 0.0929
1031.569 0.0926
1031.729 0.09237
1031.889 0.09275
1032.039 0.09424
1032.199 0.09376
1032.359 0.09376
1032.519 0.09169
1032.669 0.09132
1032.829 0.09085
1032.989 0.09107
1033.149 0.08929
1033.299 0.08897
1033.459 0.08899
1033.609 0.09102
1033.769 0.09097
1033.929 0.09075
1034.089 0.09136
1034.239 0.09303
1034.399 0.0928
1034.559 0.09276
1034.719 0.09083
1034.869 0.0906
1035.029 0.09019
1035.189 0.09025
1035.349 0.08835
1035.499 0.08814
1035.659 0.088
1035.809 0.08986
1035.969 0.08977
1036.129 0.08931
1036.289 0.08984
1036.439 0.09153
1036.599 0.09125
1036.759 0.09123
1036.919 0.08936
1037.069 0.08906
1037.229 0.0884
1037.389 0.08858
1037.549 0.08655
1037.699 0.08695
1037.859 0.08683
1038.009 0.08895
1038.169 0.08873
1038.329 0.0883
1038.489 0.08868
1038.639 0.09034
1038.799 0.08997
1038.959 0.08989
1039.119 0.09024
1039.269 0.09153
1039.429 0.09096
1039.589 0.09114
1039.749 0.08912
1039.899 0.08866
1040.059 0.08821
1040.209 0.09045
1040.369 0.09022
1040.529 0.08973
1040.689 0.08997
1040.839 0.09157
1040.999 0.09118
1041.159 0.09104
1041.319 0.09149
1041.469 0.09289
1041.629 0.09228
1041.789 0.09235
1041.949 0.09012
1042.099 0.08947
1042.259 0.08894
1042.409 0.0912
1042.569 0.0909
1042.729 0.09039
1042.889 0.09051
1043.039 0.09216
1043.199 0.09182
1043.359 0.09139
1043.519 0.09186
1043.669 0.09326
1043.829 0.09263
1043.989 0.09271
1044.149 0.09068
1044.299 0.09003
1044.459 0.08933
1044.609 0.0918
1044.769 0.09158
1044.929 0.0909
1045.089 0.09085
1045.239 0.0927
1045.399 0.09223
1045.559 0.09159
1045.719 0.09228
1045.869 0.09373
1046.029 0.09302
1046.189 0.09286
1046.349 0.09291
1046.499 0.09376
1046.659 0.09291
1046.809 0.09547
1046.969 0.09494
1047.129 0.09416
1047.289 0.09396
1047.439 0.09569
1047.599 0.095
1047.759 0.09425
1047.919 0.09479
1048.069 0.09625
1048.229 0.09551
1048.389 0.09522
1048.549 0.09549
1048.699 0.09643
1048.859 0.09561
1049.019 0.09599
1049.179 0.09401
1049.329 0.09333
1049.489 0.09296
1049.639 0.0949
1049.799 0.09428
1049.959 0.09356
1050.119 0.09402
1050.269 0.09531
1050.429 0.09465
1050.589 0.09432
1050.749 0.0947
1050.899 0.09585
1051.059 0.09517
1051.219 0.09533
1051.379 0.0932
1051.529 0.09265
1051.689 0.09214
1051.839 0.09432
1051.999 0.09399
1052.159 0.09332
1052.319 0.09358
1052.469 0.0951
1052.629 0.09459
1052.789 0.09409
1052.949 0.09453
1053.099 0.09565
1053.259 0.09498
1053.419 0.09517
1053.579 0.09317
1053.729 0.09253
1053.889 0.09191
1054.039 0.09425
1054.199 0.09383
1054.359 0.09323
1054.519 0.09334
1054.669 0.09502
1054.829 0.09451
1054.989 0.0939
1055.149 0.09455
1055.299 0.09597
1055.459 0.09531
1055.619 0.0954
1055.779 0.09328
1055.929 0.09248
1056.089 0.09176
1056.239 0.09416
1056.399 0.09389
1056.559 0.09334
1056.719 0.0933
1056.869 0.09501
1057.029 0.09444
1057.189 0.09388
1057.349 0.0944
1057.499 0.09589
1057.659 0.09541
1057.819 0.09535
1057.979 0.09331
1058.129 0.09253
1058.289 0.09191
1058.449 0.0921
1058.609 0.09013
1058.759 0.08957
1058.919 0.08952
1059.069 0.09125
1059.229 0.09079
1059.389 0.09016
1059.549 0.0906
1059.699 0.09209
1059.859 0.09162
1060.019 0.09139
1060.179 0.08939
1060.329 0.08871
1060.489 0.08808
1060.649 0.08808
1060.809 0.08618
1060.959 0.08568
1061.119 0.08558
1061.269 0.08751
1061.429 0.08716
1061.589 0.08654
1061.749 0.08689
1061.899 0.08828
1062.059 0.08789
1062.219 0.08754
1062.379 0.08779
1062.529 0.08891
1062.689 0.08823
1062.849 0.08831
1063.009 0.08624
1063.159 0.0857
1063.319 0.0854
1063.469 0.08752
1063.629 0.08722
1063.789 0.08673
1063.949 0.08703
1064.099 0.08856
1064.259 0.08812
1064.419 0.08773
1064.579 0.08825
1064.729 0.08948
1064.889 0.08875
1065.049 0.08888
1065.209 0.08676
1065.359 0.0859
1065.519 0.08529
1065.669 0.08758
1065.829 0.08724
1065.989 0.08662
1066.149 0.0868
1066.299 0.08847
1066.459 0.08819
1066.619 0.08761
1066.779 0.08816
1066.929 0.08956
1067.089 0.08895
1067.249 0.08901
1067.409 0.08688
1067.559 0.0861
1067.719 0.08551
1067.869 0.08791
1068.029 0.08781
1068.189 0.0872
1068.349 0.08744
1068.499 0.08914
1068.659 0.08869
1068.819 0.08807
1068.979 0.08862
1069.129 0.09009
1069.289 0.08956
1069.449 0.08955
1069.609 0.08764
1069.759 0.08705
1069.919 0.08625
1070.069 0.08873
1070.229 0.0885
1070.389 0.08801
1070.549 0.08808
1070.699 0.09
1070.859 0.08954
1071.019 0.08888
1071.179 0.08932
1071.329 0.09087
1071.489 0.09036
1071.649 0.09012
1071.809 0.09052
1071.959 0.09168
1072.119 0.09098
1072.279 0.09107
1072.439 0.08918
1072.589 0.0887
1072.749 0.08857
1072.899 0.09064
1073.059 0.09022
1073.219 0.08977
1073.379 0.09018
1073.529 0.0918
1073.689 0.09152
1073.849 0.09114
1074.009 0.09164
1074.159 0.09288
1074.319 0.09238
1074.479 0.09239
1074.639 0.09045
1074.789 0.08998
1074.949 0.08971
1075.099 0.09211
1075.259 0.09206
1075.419 0.09156
1075.579 0.09205
1075.729 0.0937
1075.889 0.09321
1076.049 0.09277
1076.209 0.0933
1076.359 0.09473
1076.519 0.09428
1076.679 0.0944
1076.839 0.09245
1076.989 0.09185
1077.149 0.09127
1077.299 0.09367
1077.459 0.09351
1077.619 0.09298
1077.779 0.09321
1077.929 0.09469
1078.089 0.09418
1078.249 0.09369
1078.409 0.09422
1078.559 0.09581
1078.719 0.09539
1078.879 0.0955
1079.039 0.09336
1079.189 0.09283
1079.349 0.09222
1079.499 0.09461
1079.659 0.09426
1079.819 0.09371
1079.979 0.0938
1080.129 0.09558
1080.289 0.09512
1080.449 0.0947
1080.609 0.09512
1080.759 0.09678
1080.919 0.09653
1081.079 0.09634
1081.239 0.09432
1081.389 0.09369
1081.549 0.09316
1081.709 0.09316
1081.869 0.09128
1082.019 0.09095
1082.179 0.09085
1082.329 0.09285
1082.489 0.09257
1082.649 0.0923
1082.809 0.09265
1082.959 0.09431
1083.119 0.09404
1083.279 0.094
1083.439 0.09209
1083.589 0.0918
1083.749 0.09135
1083.909 0.09132
1084.069 0.08936
1084.219 0.08915
1084.379 0.08888
1084.529 0.09099
1084.689 0.09075
1084.849 0.09038
1085.009 0.09054
1085.159 0.09222
1085.319 0.09195
1085.479 0.09184
1085.639 0.09225
1085.789 0.09386
1085.949 0.09354
1086.109 0.09346
1086.269 0.09146
1086.419 0.09147
1086.579 0.09117
1086.739 0.0913
1086.899 0.08958
1087.049 0.0893
1087.209 0.08934
1087.359 0.09116
1087.519 0.09111
1087.679 0.09098
1087.839 0.09128
1087.989 0.09288
1088.149 0.09275
1088.309 0.0927
1088.469 0.09059
1088.619 0.09037
1088.779 0.09023
1088.939 0.09007
1089.099 0.08843
1089.249 0.08857
1089.409 0.08855
1089.559 0.09054
1089.719 0.0907
1089.879 0.09065
1090.039 0.09083
1090.189 0.09259
1090.349 0.09265
1090.509 0.09285
1090.669 0.09078
1090.819 0.09063
1090.979 0.09048
1091.139 0.09045
1091.299 0.08886
1091.449 0.08907
1091.609 0.08914
1091.759 0.09116
1091.919 0.09114
1092.079 0.09115
1092.239 0.09135
1092.389 0.09331
1092.549 0.09348
1092.709 0.0938
1092.869 0.09179
1093.019 0.09164
1093.179 0.09151
1093.339 0.09146
1093.499 0.08951
1093.649 0.08958
1093.809 0.08953
1093.969 0.08943
1094.129 0.08772
1094.279 0.08753
1094.439 0.08771
1094.589 0.08953
1094.749 0.0895
1094.909 0.08964
1095.069 0.08996
1095.219 0.09158
1095.379 0.09143
1095.539 0.09141
1095.699 0.08939
1095.849 0.08928
1096.009 0.08912
1096.169 0.08913
1096.329 0.08744
1096.479 0.08733
1096.639 0.08731
1096.789 0.08904
1096.949 0.08903
1097.109 0.08898
1097.269 0.08932
1097.419 0.09101
1097.579 0.09069
1097.739 0.09074
1097.899 0.08871
1098.049 0.08851
1098.209 0.08837
1098.369 0.08845
1098.529 0.08663
1098.679 0.08647
1098.839 0.08634
1098.989 0.08828
1099.149 0.08815
1099.309 0.08791
1099.469 0.0883
1099.619 0.09008
1099.779 0.08983
1099.939 0.08976
1100.099 0.08984
1100.249 0.09113
1100.409 0.09081
1100.569 0.09105
1100.729 0.08919
1100.879 0.0889
1101.039 0.08871
1101.189 0.09084
1101.349 0.09078
1101.509 0.09031
1101.669 0.09056
1101.819 0.09232
1101.979 0.09206
1102.139 0.0919
1102.299 0.09218
1102.449 0.09346
1102.609 0.09294
1102.769 0.09314
1102.929 0.09103
1103.079 0.09047
1103.239 0.09004
1103.389 0.0922
1103.549 0.09194
1103.709 0.09136
1103.869 0.09133
1104.019 0.0931
1104.179 0.09265
1104.339 0.09243
1104.499 0.09271
1104.649 0.09408
1104.809 0.09357
1104.969 0.09346
1105.129 0.0914
1105.279 0.09096
1105.439 0.09056
1105.599 0.09062
1105.759 0.0888
1105.909 0.0883
1106.069 0.08798
1106.219 0.09004
1106.379 0.09011
1106.539 0.08985
1106.699 0.09015
1106.849 0.09173
1107.009 0.09112
1107.169 0.09086
1107.329 0.09096
1107.479 0.09221
1107.639 0.09186
1107.799 0.09189
1107.959 0.08994
1108.109 0.08946
1108.269 0.08902
1108.419 0.091
1108.579 0.09065
1108.739 0.09018
1108.899 0.09063
1109.049 0.09224
1109.209 0.09174
1109.369 0.0915
1109.529 0.09163
1109.679 0.09285
1109.839 0.09223
1109.999 0.09245
1110.159 0.0906
1110.309 0.08997
1110.469 0.08956
1110.619 0.09154
1110.779 0.09122
1110.939 0.09074
1111.099 0.09112
1111.249 0.0929
1111.409 0.09249
1111.569 0.09228
1111.729 0.09263
1111.879 0.0939
1112.039 0.0933
1112.199 0.09353
1112.359 0.09158
1112.509 0.09097
1112.669 0.09047
1112.819 0.09244
1112.979 0.09211
1113.139 0.0913
1113.299 0.09153
1113.449 0.09331
1113.609 0.09275
1113.769 0.09237
1113.929 0.09295
1114.079 0.09416
1114.239 0.09343
1114.399 0.09333
1114.559 0.09127
1114.709 0.09065
1114.869 0.09016
1115.019 0.09238
1115.179 0.09202
1115.339 0.09124
1115.499 0.09119
1115.649 0.09302
1115.809 0.09264
1115.969 0.0922
1116.129 0.09248
1116.279 0.09383
1116.439 0.09318
1116.599 0.09303
1116.759 0.09101
1116.909 0.09036
1117.069 0.0899
1117.219 0.09213
1117.379 0.09175
1117.539 0.09097
1117.699 0.09068
1117.849 0.09252
1118.009 0.09203
1118.169 0.09151
1118.329 0.09198
1118.479 0.0932
1118.639 0.0924
1118.799 0.09207
1118.959 0.09223
1119.109 0.09295
1119.269 0.09211
1119.419 0.09448
1119.579 0.09391
1119.739 0.09268
1119.899 0.09227
1120.049 0.09417
1120.209 0.09347
1120.369 0.09269
1120.529 0.09329
1120.679 0.09469
1120.839 0.09377
1120.999 0.09328
1121.159 0.0936
1121.309 0.09446
1121.469 0.09341
1121.619 0.096
1121.779 0.09549
1121.939 0.09444
1122.099 0.09402
1122.249 0.09585
1122.409 0.09508
1122.569 0.09406
1122.729 0.09456
1122.879 0.09593
1123.039 0.09484
1123.199 0.09433
1123.359 0.09455
1123.509 0.09524
1123.669 0.0941
1123.819 0.09655
1123.979 0.09601
1124.139 0.09492
1124.299 0.09441
1124.449 0.0962
1124.609 0.09531
1124.769 0.09405
1124.929 0.09445
1125.079 0.09563
1125.239 0.09459
1125.399 0.09391
1125.559 0.09403
1125.709 0.09465
1125.869 0.09328
1126.019 0.09566
1126.179 0.09507
1126.339 0.09378
1126.499 0.09325
1126.649 0.09515
1126.809 0.09407
1126.969 0.09282
1127.129 0.09303
1127.279 0.09401
1127.439 0.09288
1127.599 0.09216
1127.759 0.09265
1127.909 0.09329
1128.069 0.09192
1128.219 0.09433
1128.379 0.09379
1128.539 0.09255
1128.699 0.09215
1128.849 0.09407
1129.009 0.09301
1129.169 0.0916
1129.329 0.09173
1129.479 0.09309
1129.639 0.09189
1129.799 0.09115
1129.959 0.09163
1130.109 0.09235
1130.269 0.09096
1130.419 0.09323
1130.579 0.09278
1130.739 0.09151
1130.899 0.09107
1131.049 0.09321
1131.209 0.09224
1131.369 0.09089
1131.529 0.09096
1131.679 0.0923
1131.839 0.09123
1131.999 0.09043
1132.159 0.09111
1132.309 0.09198
1132.469 0.0908
1132.619 0.0931
1132.779 0.09271
1132.939 0.09152
1133.099 0.09111
1133.249 0.0932
1133.409 0.09236
1133.569 0.09117
1133.729 0.09123
1133.879 0.0925
1134.039 0.09159
1134.199 0.09079
1134.359 0.09133
1134.509 0.09216
1134.669 0.091
1134.829 0.09118
1134.989 0.08891
1135.139 0.08766
1135.299 0.08712
1135.449 0.08923
1135.609 0.08841
1135.769 0.0873
1135.929 0.08748
1136.079 0.08898
1136.239 0.08801
1136.399 0.08722
1136.559 0.08786
1136.709 0.08891
1136.869 0.08792
1137.029 0.08803
1137.189 0.08592
1137.339 0.08487
1137.499 0.0843
1137.649 0.08671
1137.809 0.08616
1137.969 0.08519
1138.129 0.08557
1138.279 0.08698
1138.439 0.08627
1138.599 0.08558
1138.759 0.08635
1138.909 0.08757
1139.069 0.08661
1139.229 0.08691
1139.389 0.0849
1139.539 0.08394
1139.699 0.08341
1139.849 0.08566
1140.009 0.08502
1140.169 0.08419
1140.329 0.08455
1140.479 0.08619
1140.639 0.08551
1140.799 0.08487
1140.959 0.08556
1141.109 0.08656
1141.269 0.08581
1141.429 0.086
1141.589 0.08404
1141.739 0.08299
1141.899 0.08233
1142.049 0.0846
1142.209 0.08421
1142.369 0.08338
1142.529 0.08381
1142.679 0.08544
1142.839 0.08457
1142.999 0.08392
1143.159 0.08449
1143.309 0.08564
1143.469 0.08481
1143.629 0.08487
1143.789 0.08283
1143.939 0.08177
1144.099 0.08115
1144.249 0.08339
1144.409 0.08293
1144.569 0.08209
1144.729 0.08241
1144.879 0.08396
1145.039 0.08314
1145.199 0.0823
1145.359 0.08283
1145.509 0.08383
1145.669 0.08276
1145.829 0.08279
1145.989 0.0809
1146.139 0.07983
1146.299 0.07904
1146.449 0.08118
1146.609 0.08065
1146.769 0.0797
1146.929 0.07995
1147.079 0.08174
1147.239 0.08086
1147.399 0.07984
1147.559 0.08043
1147.709 0.08162
1147.869 0.08062
1148.029 0.08067
1148.189 0.08106
1148.339 0.08173
1148.499 0.081
1148.649 0.0832
1148.809 0.08265
1148.969 0.08157
1149.129 0.08179
1149.279 0.08347
1149.439 0.08234
1149.599 0.08139
1149.759 0.08196
1149.909 0.08295
1150.069 0.08163
1150.219 0.08394
1150.379 0.08603
1150.539 0.08646
1150.699 0.0856
1150.849 0.08777
1151.009 0.08691
1151.169 0.08553
1151.329 0.08567
1151.479 0.08714
1151.639 0.08605
1151.799 0.08501
1151.959 0.08547
1152.109 0.08619
1152.269 0.08471
1152.419 0.08711
1152.579 0.08906
1152.739 0.08945
1152.899 0.08875
1153.049 0.09091
1153.209 0.09004
1153.369 0.08858
1153.529 0.08872
1153.679 0.09025
1153.839 0.08903
1153.999 0.0879
1154.159 0.08837
1154.309 0.08897
1154.469 0.08752
1154.619 0.08969
1154.779 0.09156
1154.939 0.09184
1155.099 0.09107
1155.249 0.09314
1155.409 0.09194
1155.569 0.09034
1155.729 0.0904
1155.879 0.09172
1156.039 0.09041
1156.199 0.08941
1156.359 0.08998
1156.509 0.09055
1156.669 0.08889
1156.819 0.09101
1156.979 0.09277
1157.139 0.09312
1157.299 0.09244
1157.449 0.09447
1157.609 0.09326
1157.769 0.09168
1157.929 0.09164
1158.079 0.09296
1158.239 0.09165
1158.399 0.0907
1158.559 0.0913
1158.709 0.09191
1158.869 0.09025
1159.019 0.09241
1159.179 0.0941
1159.339 0.09419
1159.499 0.09348
1159.649 0.0955
1159.809 0.09423
1159.969 0.09256
1160.129 0.09258
1160.279 0.09375
1160.439 0.09229
1160.599 0.09146
1160.759 0.09224
1160.909 0.09269
1161.069 0.09096
1161.219 0.09314
1161.379 0.09472
1161.539 0.09469
1161.699 0.09404
1161.849 0.0961
1162.009 0.09493
1162.169 0.0934
1162.329 0.09352
1162.479 0.09467
1162.639 0.0931
1162.799 0.09231
1162.959 0.09292
1163.109 0.09352
1163.269 0.09199
1163.419 0.09415
1163.579 0.09336
1163.739 0.09168
1163.899 0.09137
1164.049 0.0936
1164.209 0.0925
1164.369 0.09107
1164.529 0.09144
1164.679 0.09255
1164.839 0.09119
1164.999 0.09061
1165.159 0.09132
1165.309 0.09185
1165.469 0.09043
1165.619 0.09273
1165.779 0.09191
1165.939 0.0902
1166.099 0.09
1166.249 0.09207
1166.409 0.09095
1166.569 0.08955
1166.729 0.09
1166.879 0.09106
1167.039 0.08942
1167.199 0.08879
1167.359 0.08936
1167.509 0.08996
1167.669 0.08871
1167.826 0.08867
1167.986 0.08687
1168.136 0.08656
1168.296 0.08614
1168.456 0.08612
1168.616 0.08456
1168.766 0.0844
1168.926 0.08439
1169.076 0.08628
1169.236 0.0861
1169.396 0.08588
1169.556 0.08629
1169.706 0.08798
1169.866 0.08806
1170.026 0.08804
1170.186 0.08662
1170.336 0.08642
1170.496 0.08612
1170.656 0.08612
1170.816 0.08466
1170.966 0.08444
1171.126 0.08437
1171.276 0.08651
1171.436 0.08656
1171.596 0.08637
1171.756 0.08678
1171.906 0.08848
1172.066 0.08842
1172.226 0.08839
1172.386 0.08677
1172.536 0.08654
1172.696 0.08623
1172.856 0.08618
1173.016 0.08473
1173.166 0.08448
1173.326 0.08469
1173.476 0.08673
1173.636 0.08675
1173.796 0.08655
1173.956 0.08702
1174.106 0.08828
1174.266 0.08806
1174.426 0.08818
1174.586 0.08637
1174.736 0.08603
1174.896 0.08575
1175.046 0.0881
1175.206 0.08823
1175.366 0.08774
1175.526 0.08777
1175.676 0.08975
1175.836 0.08952
1175.996 0.08936
1176.156 0.08991
1176.306 0.09131
1176.466 0.09099
1176.626 0.09104
1176.786 0.08924
1176.936 0.08886
1177.096 0.08847
1177.246 0.0906
1177.406 0.09044
1177.566 0.08992
1177.726 0.09005
1177.876 0.09179
1178.036 0.09153
1178.196 0.09104
1178.356 0.09157
1178.506 0.09278
1178.666 0.0923
1178.826 0.09248
1178.986 0.09075
1179.136 0.09005
1179.296 0.08964
1179.446 0.09158
1179.606 0.09128
1179.766 0.09075
1179.926 0.09106
1180.076 0.0926
1180.236 0.09214
1180.396 0.09186
1180.556 0.09219
1180.706 0.09348
1180.866 0.09292
1181.026 0.09294
1181.186 0.0934
1181.336 0.09365
1181.496 0.09191
1181.646 0.09399
1181.806 0.09583
1181.966 0.0959
1182.126 0.09505
1182.276 0.09712
1182.436 0.09581
1182.596 0.09406
1182.756 0.09421
1182.906 0.09572
1183.066 0.09393
1183.226 0.09278
1183.386 0.09349
1183.536 0.09353
1183.696 0.09193
1183.846 0.0939
1184.006 0.09555
1184.166 0.09546
1184.326 0.09492
1184.476 0.09698
1184.636 0.09545
1184.796 0.09355
1184.956 0.09376
1185.106 0.09514
1185.266 0.09332
1185.426 0.09253
1185.586 0.09345
1185.736 0.09372
1185.896 0.09217
1186.046 0.09426
1186.206 0.09592
1186.366 0.09575
1186.526 0.09544
1186.676 0.09758
1186.836 0.09616
1186.996 0.09447
1187.156 0.09466
1187.306 0.0957
1187.466 0.09412
1187.626 0.09356
1187.786 0.0941
1187.936 0.09444
1188.096 0.09294
1188.246 0.09503
1188.406 0.09408
1188.566 0.09221
1188.726 0.09209
1188.876 0.09403
1189.036 0.09254
1189.196 0.091
1189.356 0.0913
1189.506 0.09218
1189.666 0.09041
1189.826 0.08987
1189.986 0.09034
1190.136 0.09085
1190.296 0.08945
1190.446 0.09168
1190.606 0.09066
1190.766 0.08882
1190.926 0.08857
1191.076 0.09033
1191.236 0.08887
1191.396 0.08737
1191.556 0.08784
1191.706 0.08836
1191.866 0.08654
1192.026 0.08628
1192.186 0.08649
1192.336 0.0867
1192.496 0.08558
1192.646 0.08797
1192.806 0.08686
1192.966 0.08521
1193.126 0.08498
1193.276 0.08669
1193.436 0.08547
1193.596 0.08428
1193.756 0.08487
1193.906 0.08577
1194.066 0.08419
1194.226 0.084
1194.386 0.08462
1194.536 0.08504
1194.696 0.0841
1194.846 0.08655
1195.006 0.08569
1195.166 0.084
1195.326 0.08378
1195.476 0.08542
1195.636 0.08423
1195.796 0.0831
1195.956 0.08378
1196.106 0.08465
1196.266 0.08303
1196.426 0.0828
1196.586 0.08304
1196.736 0.08329
1196.896 0.0824
1197.046 0.08481
1197.206 0.08391
1197.366 0.08243
1197.526 0.08234
1197.676 0.08398
1197.836 0.0829
1197.996 0.0818
1198.156 0.08264
1198.306 0.08353
1198.466 0.08194
1198.626 0.08173
1198.786 0.08185
1198.936 0.08191
1199.096 0.08103
1199.246 0.08327
1199.406 0.08233
1199.566 0.08098
1199.726 0.08082
1199.876 0.08224
1200.036 0.08085
1200.196 0.07964
1200.356 0.08034
1200.506 0.08142
1200.666 0.08034
1200.826 0.08012
1200.986 0.08044
1201.136 0.0809
1201.296 0.08011
1201.446 0.08273
1201.606 0.08221
1201.766 0.08104
1201.926 0.08111
1202.076 0.08264
1202.236 0.08154
1202.396 0.08053
1202.556 0.08125
1202.706 0.0824
1202.866 0.08122
1203.026 0.08121
1203.186 0.08153
1203.336 0.08188
1203.496 0.08097
1203.646 0.0836
1203.806 0.08294
1203.966 0.08177
1204.126 0.08204
1204.276 0.08379
1204.436 0.08275
1204.596 0.08186
1204.756 0.08257
1204.906 0.08356
1205.066 0.08243
1205.226 0.08265
1205.386 0.08302
1205.536 0.08351
1205.696 0.08283
1205.846 0.08537
1206.006 0.08456
1206.166 0.08353
1206.326 0.08396
1206.476 0.08559
1206.636 0.08436
1206.796 0.08343
1206.956 0.08412
1207.106 0.0851
1207.266 0.08387
1207.426 0.08397
1207.586 0.08423
1207.736 0.08442
1207.896 0.08366
1208.046 0.08594
1208.206 0.08502
1208.366 0.08372
1208.526 0.08407
1208.676 0.08567
1208.836 0.08433
1208.996 0.08333
1209.156 0.08392
1209.306 0.08483
1209.466 0.0833
1209.616 0.08562
1209.776 0.08734
1209.936 0.08769
1210.096 0.08691
1210.246 0.0891
1210.406 0.08806
1210.566 0.08667
1210.726 0.08683
1210.876 0.08828
1211.036 0.08693
1211.196 0.08597
1211.356 0.08666
1211.506 0.08718
1211.666 0.08549
1211.816 0.08788
1211.976 0.08978
1212.136 0.09013
1212.296 0.08951
1212.446 0.09167
1212.606 0.09064
1212.766 0.08923
1212.926 0.08952
1213.076 0.09123
1213.236 0.08989
1213.396 0.08903
1213.556 0.0897
1213.706 0.09033
1213.866 0.08862
1214.016 0.09069
1214.176 0.09264
1214.336 0.09288
1214.496 0.09218
1214.646 0.09444
1214.806 0.09309
1214.966 0.09132
1215.126 0.09138
1215.276 0.09272
1215.436 0.09119
1215.596 0.09021
1215.756 0.09089
1215.906 0.0914
1216.066 0.08972
1216.216 0.09191
1216.376 0.09343
1216.536 0.09355
1216.696 0.09283
1216.846 0.09487
1217.006 0.09326
1217.166 0.09149
1217.326 0.09173
1217.476 0.09294
1217.636 0.09109
1217.796 0.09026
1217.956 0.09078
1218.106 0.09115
1218.266 0.08976
1218.416 0.092
1218.576 0.09339
1218.736 0.0932
1218.896 0.09274
1219.046 0.09449
1219.206 0.0929
1219.366 0.09124
1219.526 0.0915
1219.676 0.09254
1219.836 0.09075
1219.996 0.0901
1220.156 0.09064
1220.306 0.09089
1220.466 0.08929
1220.616 0.09147
1220.776 0.09285
1220.936 0.09264
1221.096 0.09241
1221.246 0.09431
1221.406 0.09287
1221.566 0.09121
1221.726 0.09139
1221.876 0.09228
1222.036 0.09035
1222.196 0.08996
1222.356 0.0904
1222.506 0.09068
1222.666 0.08927
1222.816 0.09159
1222.976 0.09057
1223.136 0.08885
1223.296 0.08885
1223.446 0.09062
1223.606 0.08911
1223.766 0.08759
1223.926 0.08789
1224.076 0.0888
1224.236 0.08687
1224.386 0.08874
1224.546 0.09079
1224.706 0.09097
1224.866 0.08982
1225.016 0.09226
1225.176 0.09112
1225.336 0.08909
1225.496 0.08909
1225.646 0.09071
1225.806 0.08902
1225.966 0.08783
1226.126 0.08838
1226.276 0.08892
1226.436 0.08796
1226.586 0.08991
1226.746 0.09176
1226.906 0.09185
1227.066 0.09086
1227.216 0.09317
1227.376 0.09182
1227.536 0.08974
1227.696 0.08962
1227.846 0.091
1228.006 0.08914
1228.166 0.08794
1228.326 0.08842
1228.476 0.08888
1228.636 0.08709
1228.786 0.08898
1228.946 0.09085
1229.106 0.09087
1229.266 0.09007
1229.416 0.09207
1229.576 0.09053
1229.736 0.08875
1229.896 0.08864
1230.046 0.09008
1230.206 0.08834
1230.366 0.0873
1230.526 0.08781
1230.676 0.08814
1230.836 0.08636
1230.986 0.08852
1231.146 0.09007
1231.306 0.09011
1231.466 0.08954
1231.616 0.09146
1231.776 0.08985
1231.936 0.08809
1232.096 0.08821
1232.246 0.0895
1232.406 0.08782
1232.566 0.0871
1232.726 0.08781
1232.876 0.08803
1233.036 0.08644
1233.186 0.08873
1233.346 0.09016
1233.506 0.09005
1233.666 0.08965
1233.816 0.09168
1233.976 0.09018
1234.136 0.08844
1234.296 0.08855
1234.446 0.08942
1234.606 0.08758
1234.766 0.08744
1234.926 0.08823
1235.076 0.0885
1235.236 0.08727
1235.386 0.08959
1235.546 0.09086
1235.706 0.09074
1235.866 0.09047
1236.016 0.09237
1236.176 0.09083
1236.336 0.08932
1236.496 0.08976
1236.646 0.09064
1236.806 0.08878
1236.956 0.09059
1237.116 0.09292
1237.276 0.09329
1237.436 0.09205
1237.586 0.09466
1237.746 0.09347
1237.906 0.09158
1238.066 0.09141
1238.216 0.09311
1238.376 0.09152
1238.536 0.08999
1238.696 0.09054
1238.846 0.09112
1239.006 0.08912
1239.156 0.09101
1239.316 0.09292
1239.476 0.09298
1239.636 0.09195
1239.786 0.09331
1239.946 0.09182
1240.106 0.08988
1240.266 0.08992
1240.416 0.09151
1240.576 0.08984
1240.736 0.0887
1240.896 0.08933
1241.046 0.08983
1241.206 0.08824
1241.356 0.0903
1241.516 0.09208
1241.676 0.09211
1241.836 0.09147
1241.986 0.09362
1242.146 0.09217
1242.306 0.09022
1242.466 0.09019
1242.616 0.09149
1242.776 0.0898
1242.936 0.08883
1243.096 0.08917
1243.246 0.08953
1243.406 0.08804
1243.556 0.09
1243.716 0.09157
1243.876 0.09165
1244.036 0.09105
1244.186 0.09308
1244.346 0.09144
1244.506 0.08965
1244.666 0.08961
1244.816 0.09078
1244.976 0.08901
1245.126 0.09072
1245.286 0.09304
1245.446 0.09327
1245.606 0.0918
1245.756 0.09393
1245.916 0.09521
1246.076 0.0948
1246.236 0.0945
1246.386 0.09626
1246.546 0.0944
1246.706 0.09286
1246.866 0.09304
1247.016 0.09389
1247.176 0.09189
1247.326 0.09356
1247.486 0.09564
1247.646 0.09578
1247.806 0.09451
1247.956 0.09656
1248.116 0.09709
1248.276 0.09652
1248.436 0.09633
1248.586 0.0977
1248.746 0.09595
1248.906 0.09443
1249.066 0.09462
1249.216 0.09529
1249.376 0.09329
1249.526 0.09507
1249.686 0.09694
1249.846 0.09682
1250.006 0.09559
1250.156 0.09774
1250.316 0.09611
1250.476 0.09381
1250.636 0.09374
1250.786 0.09543
1250.946 0.09317
1251.106 0.09169
1251.266 0.09195
1251.416 0.09228
1251.576 0.09068
1251.726 0.0923
1251.886 0.09411
1252.046 0.09393
1252.206 0.09305
1252.356 0.09525
1252.516 0.09366
1252.676 0.09173
1252.836 0.09171
1252.986 0.0931
1253.146 0.09089
1253.296 0.09247
1253.456 0.09481
1253.616 0.0949
1253.776 0.09345
1253.926 0.09553
1254.086 0.09697
1254.246 0.09665
1254.406 0.09592
1254.556 0.09783
1254.716 0.09588
1254.876 0.09404
1255.036 0.09408
1255.186 0.09519
1255.346 0.09324
1255.496 0.09487
1255.656 0.09705
1255.816 0.09727
1255.976 0.0958
1256.126 0.09798
1256.286 0.09945
1256.446 0.09946
1256.606 0.09922
1256.756 0.10089
1256.916 0.099
1257.076 0.09747
1257.236 0.09756
1257.386 0.09855
1257.546 0.09658
1257.696 0.09823
1257.856 0.10029
1258.016 0.10031
1258.176 0.09908
1258.326 0.10132
1258.486 0.10006
1258.646 0.09798
1258.806 0.09789
1258.956 0.0995
1259.116 0.09754
1259.276 0.09615
1259.436 0.09646
1259.586 0.09703
1259.746 0.09512
1259.896 0.09709
1260.056 0.09904
1260.216 0.09898
1260.376 0.09807
1260.526 0.10023
1260.686 0.0988
1260.846 0.09676
1261.006 0.09692
1261.156 0.09863
1261.316 0.09673
1261.476 0.09557
1261.636 0.09603
1261.786 0.0965
1261.946 0.09512
1262.096 0.09711
1262.256 0.09879
1262.416 0.09875
1262.576 0.09796
1262.726 0.10014
1262.886 0.09845
1263.046 0.09669
1263.206 0.09684
1263.356 0.0981
1263.516 0.09615
1263.666 0.09774
1263.826 0.1001
1263.986 0.09999
1264.146 0.0985
1264.296 0.10066
1264.456 0.10229
1264.616 0.10217
1264.776 0.10172
1264.926 0.10346
1265.086 0.10173
1265.246 0.10009
1265.406 0.10042
1265.556 0.10145
1265.716 0.09942
1265.866 0.10113
1266.026 0.10314
1266.186 0.10312
1266.346 0.10182
1266.496 0.10405
1266.656 0.10268
1266.816 0.10057
1266.976 0.10046
1267.126 0.1019
1267.286 0.09973
1267.446 0.09829
1267.606 0.09846
1267.756 0.09922
1267.916 0.09711
1268.066 0.099
1268.226 0.10096
1268.386 0.1008
1268.546 0.09966
1268.696 0.10182
1268.856 0.10022
1269.016 0.0981
1269.176 0.09805
1269.326 0.09955
1269.486 0.09732
1269.646 0.09592
1269.806 0.09632
1269.956 0.09668
1270.116 0.09522
1270.266 0.09719
1270.426 0.09878
1270.586 0.09841
1270.746 0.09763
1270.896 0.09975
1271.056 0.09791
1271.216 0.09608
1271.376 0.09638
1271.526 0.0975
1271.686 0.09512
1271.836 0.09648
1271.996 0.09846
1272.156 0.09841
1272.316 0.097
1272.466 0.09905
1272.626 0.10037
1272.786 0.10003
1272.946 0.09944
1273.096 0.10141
1273.256 0.09944
1273.416 0.09763
1273.576 0.09787
1273.726 0.0989
1273.886 0.09665
1274.036 0.09817
1274.196 0.10015
1274.356 0.09991
1274.516 0.0985
1274.666 0.10051
1274.826 0.10155
1274.986 0.1011
1275.146 0.10067
1275.296 0.10208
1275.456 0.09975
1275.616 0.09824
1275.776 0.09833
1275.926 0.09909
1276.086 0.09694
1276.236 0.09867
1276.396 0.10038
1276.556 0.10003
1276.716 0.09896
1276.866 0.10079
1277.026 0.09921
1277.186 0.09684
1277.346 0.0969
1277.496 0.09811
1277.656 0.09572
1277.816 0.09446
1277.976 0.09466
1278.126 0.09507
1278.286 0.09345
1278.436 0.09533
1278.596 0.0967
1278.756 0.0962
1278.916 0.09533
1279.066 0.09736
1279.226 0.09545
1279.386 0.09341
1279.546 0.09351
1279.696 0.09462
1279.856 0.09226
1280.006 0.09359
1280.166 0.09542
1280.326 0.09542
1280.486 0.09406
1280.636 0.09591
1280.796 0.09718
1280.956 0.09683
1281.116 0.09627
1281.266 0.09815
1281.426 0.09595
1281.586 0.09423
1281.746 0.09445
1281.896 0.0954
1282.056 0.09294
1282.206 0.09448
1282.366 0.09634
1282.526 0.09591
1282.686 0.09537
1282.836 0.0973
1282.996 0.09824
1283.156 0.0976
1283.316 0.09736
1283.466 0.0986
1283.626 0.09625
1283.786 0.09505
1283.946 0.09536
1284.096 0.0957
1284.256 0.09375
1284.406 0.09544
1284.566 0.09691
1284.726 0.09623
1284.886 0.09542
1285.036 0.09748
1285.196 0.09558
1285.356 0.09352
1285.516 0.09362
1285.666 0.09461
1285.826 0.09209
1285.976 0.09332
1286.136 0.09518
1286.296 0.09531
1286.456 0.0937
1286.606 0.09539
1286.766 0.09658
1286.926 0.09592
1287.086 0.0951
1287.236 0.09708
1287.396 0.09503
1287.556 0.09326
1287.716 0.09346
1287.866 0.09424
1288.026 0.09174
1288.176 0.09318
1288.336 0.0949
1288.496 0.09474
1288.656 0.09357
1288.806 0.09549
1288.966 0.09644
1289.126 0.0959
1289.286 0.09541
1289.436 0.09722
1289.596 0.09477
1289.756 0.0933
1289.916 0.09349
1290.066 0.09382
1290.226 0.09169
1290.376 0.09297
1290.536 0.09457
1290.696 0.09403
1290.856 0.09304
1291.006 0.09475
1291.166 0.0952
1291.326 0.09459
1291.486 0.09419
1291.636 0.09523
1291.796 0.09264
1291.946 0.09383
1292.106 0.09554
1292.266 0.09571
1292.426 0.09386
1292.576 0.09534
1292.736 0.0964
1292.896 0.09566
1293.056 0.09457
1293.206 0.09633
1293.366 0.09418
1293.526 0.09216
1293.686 0.0919
1293.836 0.09241
1293.996 0.0901
1294.146 0.0912
1294.306 0.09274
1294.466 0.09263
1294.626 0.09135
1294.776 0.09314
1294.936 0.09377
1295.096 0.09317
1295.256 0.09252
1295.406 0.0943
1295.566 0.09178
1295.716 0.0926
1295.876 0.0944
1296.036 0.09389
1296.196 0.09185
1296.346 0.09322
1296.506 0.09461
1296.666 0.09392
1296.826 0.09309
1296.976 0.09489
1297.136 0.09499
1297.296 0.09457
1297.456 0.0942
1297.606 0.09525
1297.766 0.09288
1297.916 0.09391
1298.076 0.09559
1298.236 0.09546
1298.396 0.09373
1298.546 0.09505
1298.706 0.09605
1298.866 0.0952
1299.026 0.09446
1299.176 0.09602
1299.336 0.09362
1299.496 0.09164
1299.656 0.09148
1299.806 0.09221
1299.966 0.09009
1300.116 0.09111
1300.276 0.09248
1300.436 0.09227
1300.596 0.09077
1300.746 0.09215
1300.906 0.0926
1301.066 0.09182
1301.226 0.09119
1301.376 0.09279
1301.536 0.09036
1301.686 0.09124
1301.846 0.09288
1302.006 0.09309
1302.166 0.09126
1302.316 0.09252
1302.476 0.09387
1302.636 0.09331
1302.796 0.09204
1302.946 0.09363
1303.106 0.09372
1303.266 0.09346
1303.426 0.09325
1303.576 0.09449
1303.736 0.09208
1303.886 0.09316
1304.046 0.0947
1304.206 0.09456
1304.366 0.09321
1304.516 0.09477
1304.676 0.09595
1304.836 0.0955
1304.996 0.09481
1305.146 0.09654
1305.306 0.09417
1305.466 0.09239
1305.626 0.0921
1305.776 0.09293
1305.936 0.09075
1306.086 0.09234
1306.246 0.09398
1306.406 0.0939
1306.566 0.09276
1306.716 0.0944
1306.876 0.0953
1307.036 0.09483
1307.196 0.09457
1307.346 0.09619
1307.506 0.09377
1307.656 0.09487
1307.816 0.09648
1307.976 0.09688
1308.136 0.0949
1308.286 0.09643
1308.446 0.09772
1308.606 0.09716
1308.766 0.09596
1308.916 0.09792
1309.076 0.09608
1309.236 0.09397
1309.396 0.0941
1309.546 0.09523
1309.706 0.09282
1309.856 0.09401
1310.016 0.09595
1310.176 0.09589
1310.336 0.09454
1310.486 0.09633
1310.646 0.0975
1310.806 0.09697
1310.966 0.09641
1311.116 0.09811
1311.276 0.09575
1311.436 0.0941
1311.596 0.09424
1311.746 0.0949
1311.906 0.09282
1312.056 0.09435
1312.216 0.09604
1312.376 0.09586
1312.536 0.095
1312.686 0.09692
1312.846 0.09771
1313.006 0.0971
1313.166 0.09651
1313.316 0.09779
1313.476 0.09535
1313.626 0.09669
1313.786 0.09847
1313.946 0.09905
1314.106 0.09723
1314.256 0.09911
1314.416 0.10061
1314.576 0.1002
1314.736 0.09938
1314.886 0.1013
1315.046 0.0994
1315.206 0.09727
1315.366 0.09741
1315.516 0.09838
1315.676 0.09589
1315.826 0.09751
1315.986 0.09945
1316.146 0.0997
1316.306 0.09823
1316.456 0.10014
1316.616 0.10105
1316.776 0.10034
1316.936 0.09988
1317.086 0.10192
1317.246 0.09982
1317.406 0.09818
1317.566 0.09841
1317.716 0.09906
1317.876 0.09683
1318.026 0.09844
1318.186 0.10008
1318.346 0.09994
1318.506 0.09861
1318.656 0.10047
1318.816 0.10127
1318.976 0.10076
1319.136 0.10016
1319.286 0.10187
1319.446 0.09949
1319.606 0.09794
1319.766 0.09811
1319.916 0.09835
1320.076 0.0963
1320.226 0.09785
1320.386 0.09953
1320.546 0.09928
1320.706 0.09824
1320.856 0.10026
1321.016 0.09823
1321.176 0.09604
1321.336 0.09558
1321.486 0.09697
1321.646 0.09467
1321.796 0.09597
1321.956 0.09795
1322.116 0.09827
1322.276 0.09643
1322.426 0.09815
1322.586 0.0995
1322.746 0.09896
1322.906 0.09824
1323.056 0.10008
1323.216 0.09817
1323.376 0.09619
1323.536 0.09612
1323.686 0.09687
1323.846 0.09455
1323.996 0.09586
1324.156 0.09768
1324.316 0.09757
1324.476 0.09605
1324.626 0.09797
1324.786 0.09887
1324.946 0.09819
1325.106 0.09772
1325.256 0.09951
1325.416 0.09737
1325.576 0.0958
1325.736 0.09584
1325.886 0.09632
1326.046 0.0942
1326.196 0.09596
1326.356 0.09784
1326.516 0.09797
1326.676 0.09675
1326.826 0.09902
1326.986 0.09734
1327.146 0.09505
1327.306 0.09476
1327.456 0.09648
1327.616 0.09442
1327.776 0.09308
1327.936 0.09355
1328.086 0.09403
1328.246 0.09202
1328.396 0.09388
1328.556 0.09568
1328.716 0.09547
1328.876 0.09445
1329.026 0.09676
1329.186 0.09486
1329.346 0.09272
1329.506 0.09256
1329.656 0.094
1329.816 0.09215
1329.976 0.09115
1330.136 0.09184
1330.286 0.09209
1330.446 0.09023
1330.596 0.09194
1330.756 0.09364
1330.916 0.09349
1331.076 0.09284
1331.226 0.09496
1331.386 0.09324
1331.546 0.09144
1331.706 0.0915
1331.856 0.09286
1332.016 0.09102
1332.176 0.0901
1332.336 0.09074
1332.486 0.09116
1332.646 0.08934
1332.796 0.09144
1332.956 0.09298
1333.116 0.09314
1333.276 0.09265
1333.426 0.09469
1333.586 0.09326
1333.746 0.0916
1333.906 0.09153
1334.056 0.09261
1334.216 0.0908
1334.376 0.09022
1334.536 0.09084
1334.686 0.09138
1334.846 0.08982
1334.996 0.09225
1335.156 0.09123
1335.316 0.08958
1335.476 0.08927
1335.626 0.09113
1335.786 0.08964
1335.946 0.08825
1336.106 0.0886
1336.256 0.08954
1336.416 0.08786
1336.576 0.08748
1336.736 0.08791
1336.886 0.08825
1337.046 0.08707
1337.196 0.08951
1337.356 0.08855
1337.516 0.08694
1337.676 0.08699
1337.826 0.0889
1337.986 0.08747
1338.146 0.0863
1338.306 0.087
1338.456 0.0879
1338.616 0.08614
1338.766 0.08845
1338.926 0.09037
1339.086 0.09075
1339.246 0.08976
1339.396 0.09207
1339.556 0.09084
1339.716 0.08925
1339.876 0.0892
1340.026 0.09092
1340.186 0.08943
1340.346 0.08819
1340.506 0.08884
1340.656 0.08954
1340.816 0.08776
1340.966 0.09003
1341.126 0.09205
1341.286 0.09227
1341.446 0.09134
1341.596 0.09377
1341.756 0.09246
1341.916 0.09094
1342.076 0.09084
1342.226 0.0926
1342.386 0.09129
1342.546 0.09017
1342.706 0.09081
1342.856 0.09164
1343.016 0.08997
1343.166 0.09224
1343.326 0.09422
1343.486 0.09445
1343.646 0.09369
1343.796 0.09592
1343.956 0.09516
1344.116 0.09356
1344.276 0.09349
1344.426 0.09505
1344.586 0.09345
1344.746 0.09257
1344.906 0.0933
1345.056 0.09411
1345.216 0.09247
1345.366 0.09482
1345.526 0.09677
1345.686 0.09688
1345.846 0.0965
1345.996 0.09904
1346.156 0.09797
1346.316 0.09653
1346.476 0.09643
1346.626 0.09791
1346.786 0.09629
1346.946 0.09544
1347.106 0.09603
1347.256 0.09708
1347.416 0.09537
1347.566 0.09766
1347.726 0.09948
1347.886 0.09958
1348.046 0.0989
1348.196 0.10133
1348.356 0.10011
1348.516 0.09876
1348.676 0.0988
1348.826 0.10014
1348.986 0.09859
1349.146 0.09765
1349.306 0.09813
1349.456 0.09891
1349.616 0.09739
1349.766 0.09984
1349.926 0.10151
1350.086 0.10163
1350.246 0.10091
1350.396 0.10321
1350.556 0.102
1350.716 0.10052
1350.876 0.10098
1351.026 0.10219
1351.186 0.10054
1351.346 0.09987
1351.506 0.10045
1351.656 0.10103
1351.816 0.09941
1351.966 0.10198
1352.126 0.10103
1352.286 0.09957
1352.446 0.09891
1352.596 0.10084
1352.756 0.0995
1352.916 0.09806
1353.076 0.0985
1353.226 0.0996
1353.386 0.09803
1353.546 0.09742
1353.706 0.09794
1353.856 0.09843
1354.016 0.09708
1354.166 0.09954
1354.326 0.09861
1354.486 0.09707
1354.646 0.09656
1354.796 0.09865
1354.956 0.09713
1355.116 0.09567
1355.276 0.09604
1355.426 0.09737
1355.586 0.09557
1355.746 0.0948
1355.906 0.09529
1356.056 0.09577
1356.216 0.09446
1356.366 0.09714
1356.526 0.0961
1356.686 0.09438
1356.846 0.09413
1356.996 0.09602
1357.156 0.09448
1357.316 0.0931
1357.476 0.09345
1357.626 0.09455
1357.786 0.09267
1357.936 0.09462
1358.096 0.0967
1358.256 0.09687
1358.416 0.09567
1358.566 0.09798
1358.726 0.09672
1358.886 0.095
1359.046 0.09482
1359.196 0.0962
1359.356 0.09443
1359.516 0.09305
1359.676 0.09339
1359.826 0.09435
1359.986 0.0925
1360.136 0.09468
1360.296 0.09648
1360.456 0.09661
1360.616 0.09546
1360.766 0.09784
1360.926 0.09669
1361.086 0.09478
1361.246 0.0949
1361.396 0.09647
1361.556 0.09451
1361.716 0.09322
1361.876 0.09343
1362.026 0.09413
1362.186 0.09235
1362.336 0.09443
1362.496 0.09619
1362.656 0.09625
1362.816 0.09523
1362.966 0.09751
1363.126 0.09598
1363.286 0.09393
1363.446 0.09394
1363.596 0.09517
1363.756 0.09306
1363.916 0.09198
1364.076 0.0921
1364.226 0.0922
1364.386 0.09062
1364.536 0.09254
1364.696 0.09393
1364.856 0.09375
1365.016 0.09313
1365.166 0.09536
1365.326 0.09339
1365.486 0.09175
1365.646 0.09201
1365.796 0.0933
1365.956 0.09127
1366.106 0.09286
1366.266 0.09485
1366.426 0.09478
1366.586 0.09343
1366.736 0.09537
1366.896 0.09655
1367.056 0.09638
1367.216 0.09597
1367.366 0.09784
1367.526 0.09585
1367.686 0.09418
1367.846 0.09409
1367.996 0.09508
1368.156 0.09267
1368.306 0.09431
1368.466 0.09643
1368.626 0.09637
1368.786 0.09488
1368.936 0.09691
1369.096 0.09802
1369.256 0.09765
1369.416 0.09726
1369.566 0.09883
1369.726 0.09659
1369.886 0.09502
1370.046 0.09508
1370.196 0.0957
1370.356 0.09357
1370.506 0.09542
1370.666 0.09718
1370.826 0.09711
1370.986 0.09588
1371.136 0.09798
1371.296 0.09644
1371.456 0.09418
1371.616 0.09414
1371.766 0.09565
1371.926 0.0936
1372.086 0.09244
1372.246 0.09266
1372.396 0.09314
1372.556 0.0914
1372.706 0.09324
1372.866 0.0949
1373.026 0.09481
1373.186 0.09363
1373.336 0.0957
1373.496 0.09381
1373.656 0.09174
1373.816 0.0915
1373.966 0.09279
1374.126 0.09071
1374.286 0.08941
1374.446 0.0897
1374.596 0.08991
1374.756 0.08814
1374.906 0.0901
1375.066 0.09176
1375.226 0.09181
1375.386 0.09101
1375.536 0.09304
1375.696 0.09127
1375.856 0.08936
1376.016 0.08947
1376.166 0.09083
1376.326 0.08889
1376.486 0.088
1376.646 0.08862
1376.796 0.0889
1376.956 0.08736
1377.106 0.08951
1377.266 0.09112
1377.426 0.0913
1377.586 0.09097
1377.736 0.09283
1377.896 0.09146
1378.056 0.08989
1378.216 0.09023
1378.366 0.09128
1378.526 0.08939
1378.686 0.08901
1378.846 0.08947
1378.996 0.08974
1379.156 0.08822
1379.306 0.09091
1379.466 0.09008
1379.626 0.08846
1379.786 0.08842
1379.936 0.09023
1380.096 0.08897
1380.256 0.08773
1380.416 0.08792
1380.566 0.08889
1380.726 0.08724
1380.886 0.08705
1381.046 0.08754
1381.196 0.08807
1381.356 0.08667
1381.506 0.08923
1381.666 0.08835
1381.826 0.0867
1381.986 0.08659
1382.136 0.08831
1382.296 0.08694
1382.456 0.08579
1382.616 0.08622
1382.766 0.08716
1382.926 0.08558
1383.086 0.08529
1383.246 0.08555
1383.396 0.08615
1383.556 0.08484
1383.706 0.08729
1383.866 0.08626
1384.026 0.08483
1384.186 0.08475
1384.336 0.08657
1384.496 0.08534
1384.656 0.08428
1384.816 0.08493
1384.966 0.08576
1385.126 0.08424
1385.286 0.08414
1385.446 0.0842
1385.596 0.08466
1385.756 0.08358
1385.906 0.08585
1386.066 0.08488
1386.226 0.0836
1386.386 0.08353
1386.536 0.08554
1386.696 0.08446
1386.856 0.08356
1387.016 0.08427
1387.166 0.08535
1387.326 0.08406
1387.486 0.08409
1387.646 0.08444
1387.796 0.08503
1387.956 0.08423
1388.106 0.08648
1388.266 0.08564
1388.426 0.08426
1388.586 0.0841
1388.736 0.0858
1388.896 0.08448
1389.056 0.08353
1389.216 0.08421
1389.366 0.08523
1389.526 0.08375
1389.686 0.0836
1389.846 0.0838
1389.996 0.08424
1390.156 0.08345
1390.306 0.08604
1390.466 0.08519
1390.626 0.08383
1390.786 0.08368
1390.936 0.08514
1391.096 0.08383
1391.256 0.0827
1391.416 0.08317
1391.566 0.08387
1391.726 0.08246
1391.876 0.0847
1392.036 0.08655
1392.196 0.08678
1392.356 0.08591
1392.506 0.08835
1392.666 0.08714
1392.826 0.08559
1392.986 0.08564
1393.136 0.08709
1393.296 0.08562
1393.456 0.08466
1393.616 0.08523
1393.766 0.08621
1393.926 0.08471
1394.076 0.08716
1394.236 0.08884
1394.396 0.08903
1394.556 0.08826
1394.706 0.09072
1394.866 0.08962
1395.026 0.08815
1395.186 0.08862
1395.336 0.09006
1395.496 0.08849
1395.656 0.08753
1395.816 0.08797
1395.966 0.08891
1396.126 0.08728
1396.276 0.08974
1396.436 0.09141
1396.596 0.09169
1396.756 0.09107
1396.906 0.09362
1397.066 0.09246
1397.226 0.0911
1397.386 0.09124
1397.536 0.09261
1397.696 0.09096
1397.856 0.09014
1398.016 0.09058
1398.166 0.09131
1398.326 0.08962
1398.476 0.09181
1398.636 0.09326
1398.796 0.09343
1398.956 0.09293
1399.106 0.09528
1399.266 0.09384
1399.426 0.0923
1399.586 0.09267
1399.736 0.09384
1399.896 0.09174
1400.056 0.09097
1400.216 0.09146
1400.366 0.09195
1400.526 0.09058
1400.676 0.09286
1400.836 0.09415
1400.996 0.09405
1401.156 0.09363
1401.306 0.09554
1401.466 0.09406
1401.626 0.09247
1401.786 0.0929
1401.936 0.09399
1402.096 0.09195
1402.246 0.09387
1402.406 0.09613
1402.566 0.09642
1402.726 0.09516
1402.876 0.0974
1403.036 0.0986
1403.196 0.09841
1403.356 0.09798
1403.506 0.09988
1403.666 0.09791
1403.826 0.09628
1403.986 0.09647
1404.136 0.09757
1404.296 0.09565
1404.446 0.09757
1404.606 0.09969
1404.766 0.10003
1404.926 0.09909
1405.076 0.10119
1405.236 0.10002
1405.396 0.0981
1405.556 0.09783
1405.706 0.09963
1405.866 0.09773
1406.026 0.09618
1406.186 0.09637
1406.336 0.09725
1406.496 0.09519
1406.646 0.09708
1406.806 0.09881
1406.966 0.09882
1407.126 0.09773
1407.276 0.10002
1407.436 0.09853
1407.596 0.09673
1407.756 0.09629
1407.906 0.0978
1408.066 0.09581
1408.226 0.09454
1408.386 0.09472
1408.536 0.09512
1408.696 0.09321
1408.846 0.09535
1409.006 0.09721
1409.166 0.0972
1409.326 0.09624
1409.476 0.0986
1409.636 0.09717
1409.796 0.09544
1409.956 0.09541
1410.106 0.09673
1410.266 0.09455
1410.426 0.09345
1410.586 0.09361
1410.736 0.09429
1410.896 0.09239
1411.046 0.09436
1411.206 0.09578
1411.366 0.09576
1411.526 0.09491
1411.676 0.09705
1411.836 0.09566
1411.996 0.0941
1412.156 0.09431
1412.306 0.09547
1412.466 0.09348
1412.626 0.09261
1412.786 0.09314
1412.936 0.09363
1413.096 0.09215
1413.246 0.09451
1413.406 0.09597
1413.566 0.09606
1413.726 0.09536
1413.876 0.09754
1414.036 0.09597
1414.196 0.09447
1414.356 0.09477
1414.506 0.09594
1414.666 0.09423
1414.826 0.09343
1414.986 0.09393
1415.136 0.0944
1415.296 0.09301
1415.446 0.09562
1415.606 0.09461
1415.766 0.09287
1415.926 0.09222
1416.076 0.094
1416.236 0.0925
1416.396 0.09105
1416.556 0.09149
1416.706 0.09263
1416.866 0.09098
1417.026 0.09059
1417.186 0.0911
1417.336 0.09158
1417.496 0.09024
1417.646 0.09295
1417.806 0.09192
1417.966 0.09039
1418.126 0.09006
1418.276 0.09188
1418.436 0.09051
1418.596 0.0891
1418.756 0.08962
1418.906 0.09071
1419.066 0.08908
1419.226 0.08861
1419.386 0.08912
1419.536 0.08972
1419.696 0.08856
1419.846 0.09124
1420.006 0.09038
1420.166 0.08899
1420.326 0.0887
1420.476 0.09066
1420.636 0.08913
1420.796 0.08782
1420.956 0.08828
1421.106 0.08992
1421.266 0.08842
1421.426 0.08811
1421.586 0.08852
1421.736 0.0891
1421.896 0.08798
1422.046 0.09056
1422.206 0.08958
1422.366 0.0882
1422.526 0.08814
1422.676 0.08981
1422.836 0.08827
1422.996 0.08705
1423.156 0.08743
1423.306 0.08846
1423.466 0.0869
1423.626 0.08672
1423.786 0.08692
1423.936 0.08736
1424.096 0.08641
1424.246 0.0891
1424.406 0.0882
1424.566 0.08697
1424.726 0.08714
1424.876 0.0887
1425.036 0.08735
1425.196 0.08645
1425.356 0.08694
1425.506 0.08772
1425.666 0.08614
1425.816 0.0883
1425.976 0.09015
1426.136 0.09021
1426.296 0.08938
1426.446 0.09164
1426.606 0.09033
1426.766 0.08886
1426.926 0.08898
1427.076 0.09042
1427.236 0.0886
1427.396 0.08765
1427.556 0.08798
1427.706 0.08865
1427.866 0.08694
1428.016 0.08928
1428.176 0.09117
1428.336 0.09136
1428.496 0.09044
1428.646 0.09267
1428.806 0.09123
1428.966 0.08966
1429.126 0.08992
1429.276 0.09149
1429.436 0.08981
1429.596 0.08885
1429.756 0.08922
1429.906 0.08985
1430.066 0.08819
1430.216 0.09047
1430.376 0.09203
1430.536 0.09213
1430.696 0.09136
1430.846 0.09356
1431.006 0.09181
1431.166 0.09003
1431.326 0.09022
1431.476 0.0915
1431.636 0.08953
1431.796 0.08867
1431.956 0.08922
1432.106 0.08948
1432.266 0.08789
1432.416 0.09016
1432.576 0.09176
1432.736 0.09177
1432.896 0.09125
1433.046 0.09323
1433.206 0.09138
1433.366 0.08966
1433.526 0.08978
1433.676 0.09113
1433.836 0.08913
1433.996 0.08834
1434.156 0.08891
1434.306 0.08911
1434.466 0.08729
1434.616 0.08954
1434.776 0.09091
1434.936 0.09091
1435.096 0.09037
1435.246 0.09226
1435.406 0.09039
1435.566 0.0887
1435.726 0.08874
1435.876 0.08982
1436.036 0.08779
1436.186 0.0895
1436.346 0.09157
1436.506 0.0918
1436.666 0.09047
1436.816 0.09266
1436.976 0.09398
1437.136 0.09388
1437.296 0.09355
1437.446 0.09529
1437.606 0.09331
1437.766 0.09182
1437.926 0.09196
1438.076 0.09286
1438.236 0.09085
1438.386 0.09277
1438.546 0.09464
1438.706 0.09467
1438.866 0.09352
1439.016 0.09577
1439.176 0.09456
1439.336 0.09269
1439.496 0.09264
1439.646 0.09405
1439.806 0.09208
1439.966 0.09097
1440.126 0.09117
1440.276 0.09178
1440.436 0.0899
1440.586 0.09202
1440.746 0.0936
1440.906 0.09366
1441.066 0.0927
1441.216 0.09488
1441.376 0.09319
1441.536 0.09117
1441.696 0.09108
1441.846 0.09245
1442.006 0.09051
1442.166 0.08949
1442.326 0.08985
1442.476 0.09031
1442.636 0.08861
1442.786 0.09085
1442.946 0.09252
1443.106 0.0927
1443.266 0.09187
1443.416 0.09419
1443.576 0.09248
1443.736 0.09068
1443.896 0.09091
1444.046 0.09239
1444.206 0.09031
1444.366 0.08943
1444.526 0.08986
1444.676 0.09024
1444.836 0.08879
1444.986 0.09123
1445.146 0.09258
1445.306 0.0925
1445.466 0.09188
1445.616 0.0939
1445.776 0.09206
1445.936 0.09053
1446.096 0.09067
1446.246 0.09161
1446.406 0.08954
1446.556 0.09141
1446.716 0.09361
1446.876 0.09376
1447.036 0.09243
1447.186 0.09465
1447.346 0.09585
1447.506 0.09557
1447.666 0.09522
1447.816 0.09694
1447.976 0.0948
1448.136 0.09343
1448.296 0.09342
1448.446 0.09412
1448.606 0.09201
1448.756 0.09379
1448.916 0.0956
1449.076 0.09554
1449.236 0.09447
1449.386 0.09653
1449.546 0.09518
1449.706 0.09326
1449.866 0.09311
1450.016 0.09445
1450.176 0.09231
1450.336 0.09111
1450.496 0.09116
1450.646 0.09181
1450.806 0.08994
1450.956 0.09196
1451.116 0.09347
1451.276 0.09329
1451.436 0.09278
1451.586 0.09493
1451.746 0.0932
1451.906 0.09116
1452.066 0.09113
1452.216 0.0924
1452.376 0.0902
1452.526 0.09188
1452.686 0.09389
1452.846 0.09426
1453.006 0.09283
1453.156 0.09496
1453.316 0.09627
1453.476 0.09595
1453.636 0.09535
1453.786 0.09739
1453.946 0.09541
1454.106 0.09385
1454.266 0.0941
1454.416 0.09514
1454.576 0.09285
1454.726 0.09442
1454.886 0.09633
1455.046 0.09636
1455.206 0.09526
1455.356 0.09718
1455.516 0.0981
1455.676 0.09773
1455.836 0.09707
1455.986 0.09877
1456.146 0.09648
1456.306 0.09499
1456.466 0.09511
1456.616 0.0958
1456.776 0.09344
1456.926 0.09509
1457.086 0.09696
1457.246 0.09672
1457.406 0.09543
1457.556 0.09759
1457.716 0.09857
1457.876 0.09813
1458.036 0.09779
1458.186 0.09923
1458.346 0.09664
1458.506 0.09545
1458.666 0.09568
1458.816 0.09635
1458.976 0.09443
1459.126 0.09633
1459.286 0.0978
1459.446 0.09742
1459.606 0.09656
1459.756 0.09863
1459.916 0.09682
1460.076 0.09473
1460.236 0.09453
1460.386 0.09562
1460.546 0.09309
1460.696 0.09456
1460.856 0.09638
1461.016 0.09654
1461.176 0.09484
1461.326 0.09683
1461.486 0.09797
1461.646 0.09749
1461.806 0.09695
1461.956 0.09893
1462.116 0.09702
1462.276 0.09525
1462.436 0.09546
1462.586 0.09617
1462.746 0.09396
1462.896 0.09554
1463.056 0.09725
1463.216 0.09733
1463.376 0.09607
1463.526 0.098
1463.686 0.0988
1463.846 0.09835
1464.006 0.09782
1464.156 0.09942
1464.316 0.09706
1464.476 0.09571
1464.636 0.09579
1464.786 0.09574
1464.946 0.09378
1465.096 0.09542
1465.256 0.09705
1465.416 0.09682
1465.576 0.0959
1465.726 0.09793
1465.886 0.09578
1466.046 0.09362
1466.206 0.09321
1466.356 0.09439
1466.516 0.09189
1466.666 0.09324
1466.826 0.09512
1466.986 0.0952
1467.146 0.09346
1467.296 0.09522
1467.456 0.09646
1467.616 0.09585
1467.776 0.09509
1467.926 0.09703
1468.086 0.09499
1468.246 0.09319
1468.406 0.09305
1468.556 0.09381
1468.716 0.09148
1468.866 0.09292
1469.026 0.09458
1469.186 0.09472
1469.346 0.09317
1469.496 0.09499
1469.656 0.09586
1469.816 0.09523
1469.976 0.09469
1470.126 0.09645
1470.286 0.09428
1470.446 0.09254
1470.606 0.09244
1470.756 0.09306
1470.916 0.0908
1471.066 0.09219
1471.226 0.09394
1471.386 0.0937
1471.546 0.09224
1471.696 0.09419
1471.856 0.09473
1472.016 0.09412
1472.176 0.09368
1472.326 0.09519
1472.486 0.09274
1472.646 0.09122
1472.806 0.09139
1472.956 0.09166
1473.116 0.08971
1473.266 0.0914
1473.426 0.09285
1473.586 0.09269
1473.746 0.09184
1473.896 0.09392
1474.056 0.09184
1474.216 0.09
1474.376 0.08987
1474.526 0.09115
1474.686 0.08872
1474.836 0.09019
1474.996 0.09227
1475.156 0.09226
1475.316 0.09065
1475.466 0.09238
1475.626 0.09352
1475.786 0.09283
1475.946 0.09228
1476.096 0.09406
1476.256 0.09182
1476.416 0.09007
1476.576 0.08985
1476.726 0.09061
1476.886 0.08841
1477.036 0.08998
1477.196 0.09171
1477.356 0.09157
1477.516 0.09017
1477.666 0.09198
1477.826 0.09272
1477.986 0.09217
1478.146 0.09183
1478.296 0.09333
1478.456 0.09116
1478.616 0.08973
1478.776 0.08981
1478.926 0.09016
1479.086 0.08822
1479.236 0.09007
1479.396 0.09177
1479.556 0.09171
1479.716 0.09066
1479.866 0.0927
1480.026 0.09073
1480.186 0.08869
1480.346 0.08851
1480.496 0.08991
1480.656 0.08775
1480.816 0.08658
1480.976 0.08676
1481.126 0.08696
1481.286 0.0853
1481.436 0.08724
1481.596 0.0886
1481.756 0.0884
1481.916 0.08762
1482.066 0.08971
1482.226 0.08779
1482.386 0.0861
1482.546 0.08605
1482.696 0.0873
1482.856 0.08516
1483.006 0.08673
1483.166 0.08866
1483.326 0.08873
1483.486 0.08712
1483.636 0.08915
1483.796 0.0905
1483.956 0.09018
1484.116 0.08972
1484.275 0.09181
1484.425 0.09048
1484.585 0.08874
1484.745 0.08881
1484.895 0.09029
1485.055 0.08847
1485.215 0.08789
1485.375 0.08844
1485.525 0.08891
1485.685 0.08724
1485.835 0.08944
1485.995 0.091
1486.155 0.09088
1486.315 0.09055
1486.465 0.09253
1486.625 0.09085
1486.785 0.08924
1486.945 0.08945
1487.095 0.09042
1487.255 0.08842
1487.405 0.09055
1487.565 0.0927
1487.725 0.09314
1487.885 0.09199
1488.035 0.0946
1488.195 0.09323
1488.355 0.09123
1488.515 0.09132
1488.665 0.09308
1488.825 0.09143
1488.985 0.09032
1489.145 0.09096
1489.295 0.0916
1489.455 0.09
1489.605 0.09238
1489.765 0.0942
1489.925 0.09436
1490.085 0.09367
1490.235 0.09615
1490.395 0.09461
1490.555 0.09289
1490.715 0.09299
1490.865 0.09455
1491.025 0.09332
1491.185 0.09276
1491.345 0.09369
1491.495 0.09415
1491.655 0.09276
1491.805 0.09513
1491.965 0.09664
1492.125 0.09662
1492.285 0.09642
1492.435 0.09857
1492.595 0.09665
1492.755 0.09505
1492.915 0.09536
1493.065 0.0966
1493.225 0.09448
1493.375 0.0965
1493.535 0.09853
1493.695 0.09879
1493.855 0.0974
1494.005 0.09965
1494.165 0.10086
1494.325 0.10077
1494.485 0.10071
1494.635 0.10256
1494.795 0.10051
1494.955 0.09923
1495.115 0.09949
1495.265 0.10039
1495.425 0.09836
1495.575 0.10035
1495.735 0.10211
1495.895 0.10212
1496.055 0.10095
1496.205 0.10308
1496.365 0.10143
1496.525 0.0994
1496.685 0.09941
1496.835 0.10099
1496.995 0.09885
1497.155 0.09767
1497.315 0.09796
1497.465 0.0983
1497.625 0.09629
1497.775 0.09766
1497.935 0.09928
1498.095 0.09912
1498.255 0.0979
1498.405 0.09985
1498.565 0.10031
1498.725 0.09984
1498.885 0.0994
1499.035 0.10087
1499.195 0.09852
1499.345 0.09937
1499.505 0.101
1499.665 0.10123
1499.825 0.09951
1499.975 0.10119
1500.135 0.10259
1500.295 0.1023
1500.455 0.10114
1500.605 0.10307
1500.765 0.1007
1500.925 0.09849
1501.085 0.09799
1501.235 0.09909
1501.395 0.09642
1501.545 0.09781
1501.705 0.09963
1501.865 0.09951
1502.025 0.0978
1502.175 0.09938
1502.335 0.10039
1502.495 0.09982
1502.655 0.0991
1502.805 0.10071
1502.965 0.09819
1503.125 0.09665
1503.285 0.09645
1503.435 0.09715
1503.595 0.09457
1503.745 0.09612
1503.905 0.09774
1504.065 0.09742
1504.225 0.09603
1504.375 0.09752
1504.535 0.09805
1504.695 0.09712
1504.855 0.09666
1505.005 0.09793
1505.165 0.09528
1505.315 0.09642
1505.475 0.09799
1505.635 0.09819
1505.795 0.09603
1505.945 0.09782
1506.105 0.09903
1506.265 0.09833
1506.425 0.09712
1506.575 0.09912
1506.735 0.09685
1506.895 0.09492
1507.055 0.09468
1507.205 0.09567
1507.365 0.09309
1507.515 0.0944
1507.675 0.09596
1507.835 0.09592
1507.995 0.09435
1508.145 0.09628
1508.305 0.09719
1508.465 0.09666
1508.625 0.09566
1508.775 0.09743
1508.935 0.09513
1509.095 0.0935
1509.255 0.09341
1509.405 0.09416
1509.565 0.09194
1509.715 0.09337
1509.875 0.09508
1510.035 0.09488
1510.195 0.09365
1510.345 0.09563
1510.505 0.09629
1510.665 0.09578
1510.825 0.09539
1510.975 0.09681
1511.135 0.0945
1511.285 0.09579
1511.445 0.09742
1511.605 0.09781
1511.765 0.09582
1511.915 0.09761
1512.075 0.09885
1512.235 0.09834
1512.395 0.09754
1512.545 0.0995
1512.705 0.09769
1512.865 0.09589
1513.025 0.09594
1513.175 0.09679
1513.335 0.09427
1513.485 0.09554
1513.645 0.09707
1513.805 0.09725
1513.965 0.09559
1514.115 0.09733
1514.275 0.09828
1514.435 0.09766
1514.595 0.09685
1514.745 0.09874
1514.905 0.09642
1515.065 0.09461
1515.225 0.09443
1515.375 0.09508
1515.535 0.09292
1515.685 0.09452
1515.845 0.09603
1516.005 0.09599
1516.165 0.09462
1516.315 0.0964
1516.475 0.09691
1516.635 0.09644
1516.795 0.0958
1516.945 0.09748
1517.105 0.09514
1517.255 0.09616
1517.415 0.09799
1517.575 0.09836
1517.735 0.09625
1517.885 0.09773
1518.045 0.09916
1518.205 0.09894
1518.365 0.09785
1518.515 0.09974
1518.675 0.0976
1518.835 0.09567
1518.995 0.09516
1519.145 0.09628
1519.305 0.09373
1519.455 0.095
1519.615 0.09688
1519.775 0.09701
1519.935 0.09535
1520.085 0.09711
1520.245 0.0983
1520.405 0.09777
1520.565 0.09718
1520.715 0.09902
1520.875 0.09676
1521.035 0.0951
1521.195 0.09483
1521.345 0.09557
1521.505 0.09326
1521.655 0.09476
1521.815 0.09651
1521.975 0.09662
1522.135 0.09514
1522.285 0.09712
1522.445 0.09799
1522.605 0.09746
1522.765 0.09701
1522.915 0.09874
1523.075 0.09669
1523.235 0.09525
1523.395 0.09527
1523.545 0.09577
1523.705 0.09364
1523.855 0.09543
1524.015 0.09713
1524.175 0.09705
1524.335 0.09593
1524.485 0.09797
1524.645 0.09593
1524.805 0.09392
1524.965 0.09366
1525.115 0.09521
1525.275 0.09292
1525.425 0.09445
1525.585 0.09667
1525.745 0.09686
1525.905 0.09503
1526.055 0.09708
1526.215 0.0985
1526.375 0.098
1526.535 0.0974
1526.685 0.09959
1526.845 0.09768
1527.005 0.09616
1527.165 0.0963
1527.315 0.09759
1527.475 0.09527
1527.625 0.09712
1527.785 0.09923
1527.945 0.09927
1528.105 0.09796
1528.255 0.10013
1528.415 0.10123
1528.575 0.10072
1528.735 0.1006
1528.885 0.10261
1529.045 0.10024
1529.205 0.09902
1529.365 0.09917
1529.515 0.10007
1529.675 0.09817
1529.825 0.10026
1529.985 0.10195
1530.145 0.10191
1530.305 0.10088
1530.455 0.10312
1530.615 0.10147
1530.775 0.09948
1530.935 0.09946
1531.085 0.10089
1531.245 0.09869
1531.395 0.10031
1531.555 0.10225
1531.715 0.10279
1531.875 0.10123
1532.025 0.10327
1532.185 0.10466
1532.345 0.10443
1532.505 0.10363
1532.655 0.10575
1532.815 0.10369
1532.975 0.10191
1533.135 0.10194
1533.285 0.10307
1533.445 0.10066
1533.595 0.10217
1533.755 0.10408
1533.915 0.10392
1534.075 0.10257
1534.225 0.10442
1534.385 0.10535
1534.545 0.10489
1534.705 0.10431
1534.855 0.10579
1535.015 0.10332
1535.175 0.1019
1535.335 0.10188
1535.485 0.10254
1535.645 0.10043
1535.795 0.10169
1535.955 0.10316
1536.115 0.10261
1536.275 0.10145
1536.425 0.1031
1536.585 0.10357
1536.745 0.10317
1536.905 0.10279
1537.055 0.10391
1537.215 0.1012
1537.365 0.10226
1537.525 0.1037
1537.685 0.10396
1537.845 0.10208
1537.995 0.10349
1538.155 0.10461
1538.315 0.104
1538.475 0.10269
1538.625 0.10416
1538.785 0.10172
1538.945 0.10005
1539.105 0.09976
1539.255 0.10065
1539.415 0.09788
1539.565 0.09873
1539.725 0.10004
1539.885 0.0998
1540.045 0.09805
1540.195 0.09946
1540.355 0.10012
1540.515 0.09935
1540.675 0.09813
1540.825 0.09978
1540.985 0.09709
1541.145 0.09521
1541.305 0.09502
1541.455 0.09556
1541.615 0.093
1541.765 0.09423
1541.925 0.09584
1542.085 0.09526
1542.245 0.09367
1542.395 0.09531
1542.555 0.09562
1542.715 0.09493
1542.875 0.09431
1543.025 0.09553
1543.185 0.09259
1543.335 0.09343
1543.495 0.09494
1543.655 0.09523
1543.815 0.09304
1543.965 0.09463
1544.125 0.09588
1544.285 0.09511
1544.445 0.094
1544.595 0.09573
1544.755 0.09337
1544.915 0.09108
1545.075 0.09059
1545.225 0.09147
1545.385 0.08866
1545.535 0.08982
1545.695 0.09148
1545.855 0.09167
1546.015 0.09
1546.165 0.09181
1546.325 0.09281
1546.485 0.09215
1546.645 0.09121
1546.795 0.09322
1546.955 0.09096
1547.115 0.08915
1547.275 0.08888
1547.425 0.08967
1547.585 0.08735
1547.735 0.08899
1547.895 0.09084
1548.055 0.09085
1548.215 0.08968
1548.365 0.09177
1548.525 0.09251
1548.685 0.09197
1548.845 0.09149
1548.995 0.09303
1549.155 0.09113
1549.315 0.08986
1549.475 0.09028
1549.625 0.09068
1549.785 0.08856
1549.935 0.09037
1550.095 0.09186
1550.255 0.09174
1550.415 0.09093
1550.565 0.09313
1550.725 0.09147
1550.885 0.08942
1551.045 0.08919
1551.195 0.09044
1551.355 0.0884
1551.515 0.0876
1551.675 0.08806
1551.825 0.0885
1551.985 0.08693
1552.135 0.08886
1552.295 0.08962
1552.455 0.08928
1552.615 0.08888
1552.765 0.09103
1552.925 0.0893
1553.085 0.08761
1553.245 0.08774
1553.395 0.08866
1553.555 0.08656
1553.705 0.0882
1553.865 0.09015
1554.025 0.09051
1554.185 0.0892
1554.335 0.0914
1554.495 0.09258
1554.655 0.09229
1554.815 0.09179
1554.965 0.09364
1555.125 0.09192
1555.285 0.0904
1555.445 0.09082
1555.595 0.09178
1555.755 0.08976
1555.905 0.09193
1556.065 0.094
1556.225 0.09415
1556.385 0.09297
1556.535 0.09524
1556.695 0.09389
1556.855 0.09196
1557.015 0.09174
1557.165 0.0934
1557.325 0.0914
1557.485 0.09013
1557.645 0.09079
1557.795 0.0915
1557.955 0.08958
1558.105 0.09187
1558.265 0.09384
1558.425 0.09403
1558.585 0.09324
1558.735 0.09574
1558.895 0.09417
1559.055 0.09221
1559.215 0.09211
1559.365 0.09359
1559.525 0.09161
1559.685 0.09065
1559.845 0.0912
1559.995 0.09168
1560.155 0.08983
1560.305 0.09185
1560.465 0.09324
1560.625 0.09341
1560.785 0.0927
1560.935 0.09488
1561.095 0.09299
1561.255 0.09103
1561.415 0.09094
1561.565 0.09208
1561.725 0.09007
1561.885 0.08923
1562.045 0.0897
1562.195 0.08997
1562.355 0.08841
1562.505 0.09034
1562.665 0.09156
1562.825 0.09136
1562.985 0.09102
1563.135 0.09302
1563.295 0.09122
1563.455 0.08968
1563.615 0.08973
1563.765 0.09066
1563.925 0.08841
1564.075 0.08995
1564.235 0.09204
1564.395 0.09227
1564.555 0.09085
1564.705 0.09319
1564.865 0.09413
1565.025 0.09379
1565.185 0.09355
1565.335 0.09535
1565.495 0.09354
1565.655 0.09223
1565.815 0.09258
1565.965 0.09321
1566.125 0.09114
1566.275 0.09338
1566.435 0.09538
1566.595 0.09548
1566.755 0.09457
1566.905 0.09712
1567.065 0.09562
1567.225 0.09362
1567.385 0.09373
1567.535 0.09536
1567.695 0.09343
1567.855 0.09221
1568.015 0.09278
1568.165 0.09334
1568.325 0.09171
1568.475 0.09376
1568.635 0.09547
1568.795 0.09525
1568.955 0.09442
1569.105 0.09676
1569.265 0.0947
1569.425 0.09275
1569.585 0.0927
1569.735 0.09414
1569.895 0.09203
1570.055 0.09118
1570.215 0.09165
1570.365 0.0919
1570.525 0.09032
1570.675 0.09232
1570.835 0.09373
1570.995 0.09337
1571.155 0.09264
1571.305 0.09481
1571.465 0.0926
