0.941  33.8 1.086  36.8
1.063  36.3 1.221  39.3
1.191  38.8 1.371  41.7
1.338  41.3 1.54  44.1
1.499  43.9 1.731  46.8
1.683  46.2 1.946  49.2
1.892  49 2.184  51.7
2.121  51.5 2.454  54.2
2.379  54 2.757  57
2.672  56.8 3.097  59.5
2.997  59.3 3.479  62.2
3.393  62.1 3.9  64.9
3.808  64.8 4.385  69.6
4.286  69 4.921  73.7
4.809  73.5 5.527  78.7
5.397  78 6.2  82.8
6.057  82.5 6.952  87.3
6.791  87.2 7.791  91.8
7.629  91.8 8.707  95.9
8.561  96.4 9.687  100
9.586  101 10.74  104
10.79  106 11.84  108
12.01  111 12.99  114