86.7649 0.1014848
86.98985 0.3644051
87.20263 0.5811127
87.42149 0.72421
87.65251 0.8330067
87.89569 0.953746
88.13279 1.067644
88.35773 1.762055
88.62523 8.383626
88.88057 25.2765
89.12375 44.42912
89.39733 57.63341
89.67091 64.95061
89.89585 69.11228
90.12687 71.51406
90.50988 73.14418
90.72266 74.29717
90.99624 75.1852
91.26982 75.92637
91.5434 76.59858
91.8109 77.1918
92.09055 77.75686
92.40669 78.28239
92.59515 78.78404
92.94168 79.28093
93.2335 79.74663
93.51316 80.19217
93.79889 80.62995
94.13327 81.05808
94.38861 81.48725
94.69866 81.87568
95.0148 82.28588
95.30661 82.66862
95.58627 83.05564
95.94496 83.4448
96.22462 83.83008
96.55899 84.19007
96.82649 84.55393
97.1487 84.91392
97.45268 85.26502
97.77489 85.61505
98.08495 85.96142
98.33421 86.2894
98.71114 86.60919
98.94216 86.93723
99.24613 87.24929
99.59875 87.56615
99.87232 87.87022
100.1885 88.17587
100.4924 88.47904
100.8268 88.7726
101.1065 89.07862
101.374 89.37553
101.6962 89.6814
102.0305 89.98259
102.3284 90.28387
102.6567 90.59649
102.985 90.91301
103.2951 91.20199
103.5808 91.51426
103.897 91.81139
104.2982 92.13091
104.6265 92.43986
104.9183 92.75739
105.2648 93.05639
105.6235 93.36191
105.9701 93.67303
106.268 93.96518
106.5963 94.28684
106.961 94.59234
107.338 94.90749
107.7331 95.20993
108.0918 95.50996
108.4384 95.8453
108.8457 96.20043
109.2165 96.5337
109.5874 96.86348
109.9278 97.19704
110.3169 97.51274
110.7486 97.83413
111.1377 98.16406
111.5024 98.49262
111.928 98.82292
112.311 99.14399
112.6879 99.47594
113.1074 99.82802
113.533 100.2303
114.0923 100.6252
114.5543 101.0249
115.0468 101.4369
115.5818 101.8652
116.1289 102.2984
116.5971 102.715
117.1868 103.1454
117.6853 103.5873
118.2811 104.0231
118.8525 104.4686
119.3936 104.9219
119.9651 105.377
120.5852 105.8295
121.1749 106.3019
121.7768 106.7688
122.4334 107.2462
122.9988 107.7151
123.6189 108.1904
124.2633 108.6761
124.9138 109.1596
125.5765 109.6539
126.2209 110.1313
126.7985 110.6209
127.4854 111.1081
128.1542 111.5908
128.8412 112.1014
129.4552 112.581
130.1118 113.0537
130.7805 113.5549
131.4797 114.0429
132.118 114.5326
132.805 115.0258
133.4616 115.5115
134.1425 116.0071
134.7991 116.4941
135.401 116.9841
136.1001 117.4737
136.702 117.9687
137.4498 118.4555
138.1428 118.9513
138.7933 119.4309
139.4134 119.9316
140.1369 120.4242
140.7813 120.9124
141.4744 121.3993
142.1249 121.8903
142.745 122.3773
143.4198 122.8646
144.1129 123.3456
144.812 123.8366
145.4382 124.3129
146.1435 124.7936
146.7879 125.2768
147.487 125.7653
148.1315 126.2313
148.7273 126.6997
149.4386 127.1813
150.0404 127.6479
150.6909 128.1294
151.3901 128.5992
151.9859 129.0679
152.6789 129.5385
153.2869 130.0024
153.9192 130.4771
154.5393 130.938
155.2202 131.4173
155.8524 131.8938
156.5151 132.3455
157.1048 132.8148
157.7614 133.2776
158.3633 133.7509
158.9955 134.213
159.6764 134.6669
160.254 135.1333
160.9167 135.5877
161.5125 136.0477
162.163 136.5083
162.7162 136.9633
163.3789 137.4279
163.9564 137.8889
164.5948 138.3475
165.2514 138.8188
165.8836 139.2667
166.4247 139.7165
167.0691 140.1696
167.7136 140.6205
168.2911 141.0829
168.8991 141.531
169.4949 141.9726
170.1089 142.4263
170.7168 142.8785
171.3552 143.3166
171.9206 143.777
172.4799 144.2103
173.0878 144.6519
173.6593 145.0932
174.2186 145.5345
174.8266 145.9719
175.4467 146.4086
175.9574 146.8479
176.5349 147.2867
177.1429 147.7196
177.6839 148.1531
178.3101 148.5841
178.8269 149.0137
179.447 149.4414
179.982 149.8657
180.59 150.2922
181.1736 150.7276
181.7268 151.1537
182.2861 151.5695
182.8758 151.9973
183.4412 152.4265
183.9823 152.8474
184.5477 153.2591
185.1192 153.6769
185.6481 154.0868
186.25 154.4975
186.8214 154.9135
187.32 155.3282
187.855 155.722
188.3656 156.1255
188.9736 156.5348
189.4843 156.9404
190.1044 157.3476
190.6333 157.7507
191.1501 158.1506
191.7215 158.5485
192.2565 158.9433
192.7611 159.3299
193.2718 159.7201
193.7582 160.1118
194.2871 160.498
194.8099 160.8897
195.351 161.2661
195.8556 161.6591
196.4088 162.0445
196.8405 162.4309
197.3876 162.8046
197.9166 163.1756
198.4333 163.5431
198.865 163.9223
199.4303 164.2968
199.9106 164.6699
200.3727 165.0362
200.8651 165.4016
201.3393 165.7679
201.7466 166.1325
202.2391 166.495
202.7558 166.848
203.23 167.2104
203.7042 167.5782
204.1906 167.9326
204.6405 168.2902
205.1816 168.6365
205.6071 168.9942
206.0753 169.348
206.5191 169.7008
206.9629 170.0518
207.3945 170.4097
207.9052 170.7496
208.3186 171.0908
208.7806 171.4232
209.2001 171.7725
209.6926 172.1086
210.0756 172.4531
210.5255 172.7741
210.9632 173.1086
211.4495 173.441
211.7839 173.7695
212.2338 174.0999
212.6715 174.4225
213.0302 174.7497
213.4983 175.0693
213.8692 175.3805
214.3069 175.7102
214.7264 176.0213
215.0972 176.3401
215.4681 176.6463
215.9119 176.9631
216.3071 177.2581
216.6901 177.5753
217.1096 177.889
217.4804 178.1904
217.8695 178.4904
218.2707 178.7951
218.6659 179.0956
219.0672 179.3956
219.4319 179.7078
219.7845 180.0043
220.1858 180.3021
220.5566 180.5972
220.9275 180.8976
221.274 181.1775
221.6266 181.4794
222.0583 181.7633
222.417 182.0422
222.7027 182.3308
223.1161 182.6085
223.4201 182.8862
223.797 183.1761
224.18 183.4518
224.5266 183.7247
224.9217 184.0117
225.2804 184.2893
225.5844 184.5644
225.9613 184.8391
226.32 185.0998
226.6058 185.3699
226.9644 185.6329
227.3414 185.8975
227.6879 186.1752
227.998 186.4358
228.308 186.6938
228.6667 186.9552
228.9464 187.2147
229.299 187.4737
229.5969 187.7233
229.8948 187.9774
230.2535 188.2246
230.5696 188.4744
230.8614 188.7325
231.1897 188.9839
231.5241 189.226
231.8463 189.4814
232.1259 189.7258
232.4664 189.9711
232.7825 190.2147
233.05 190.4468
233.3479 190.6876
233.6945 190.9192
233.962 191.1541
234.2842 191.398
234.5699 191.6245
234.8739 191.8618
235.2022 192.0904
235.4454 192.3227
235.6946 192.548
236.0472 192.7705
236.333 193.013
236.6126 193.227
236.8315 193.441
237.1537 193.6626
237.4334 193.8763
237.7556 194.0927
237.9866 194.3179
238.2115 194.5378
238.5277 194.7431
238.783 194.9498
239.0687 195.1683
239.3241 195.3805
239.5855 195.5893
239.8712 195.7906
240.1083 196.0011
240.3576 196.2112
240.6129 196.4258
240.9108 196.6301
241.1601 196.8388
241.4641 197.0344
241.689 197.2341
241.9687 197.4344
242.1936 197.6269
242.4125 197.8259
242.6982 198.0259
242.9475 198.2315
243.1846 198.4266
243.3852 198.6159
243.677 198.8075
243.8837 199.0043
244.1026 199.1845
244.4187 199.3826
244.6437 199.57
244.82 199.753
245.0631 199.9347
245.3124 200.1339
245.5252 200.3124
245.7258 200.4875
246.0298 200.6722
246.1939 200.8633
246.4675 201.055
246.662 201.2241
246.8627 201.3947
247.1241 201.5808
247.3369 201.7559
247.5253 201.9323
247.7503 202.1162
247.9874 202.2879
248.2306 202.4585
248.3947 202.6335
248.65 202.8067
248.8446 202.9752
249.0695 203.143
249.2519 203.2985
249.4404 203.4825
249.6532 203.6245
249.9146 203.7919
250.0787 203.9509
250.2794 204.1125
250.4253 204.2707
250.638 204.4388
250.8691 204.5954
251.0697 204.7484
251.2703 204.9196
251.4953 205.0704
251.6472 205.2264
251.8479 205.385
252.0424 205.532
252.2126 205.6859
252.4619 205.8265
252.6139 205.9772
252.8145 206.1286
253.003 206.2818
253.1124 206.4257
253.3373 206.5754
253.5866 206.7046
253.7204 206.851
253.8602 206.9911
254.073 207.1321
254.2554 207.2854
254.4438 207.4219
254.6019 207.5613
254.7903 207.7
254.918 207.8401
255.0578 207.987
255.2889 208.1106
255.4895 208.2354
255.6476 208.3783
255.7448 208.5069
255.9759 208.6381
256.0974 208.7781
256.2859 208.9129
256.4197 209.0392
256.6081 209.1671
256.7601 209.2942
256.9243 209.427
257.0702 209.5476
257.21 209.6741
257.3924 209.7891
257.5383 209.9193
257.7024 210.0529
257.8301 210.1719
257.9821 210.2857
258.1219 210.4113
258.3104 210.529
258.4745 210.6616
258.5779 210.7843
258.7603 210.8946
258.8575 211.0062
258.9852 211.1293
259.2162 211.2448
259.3196 211.3588
259.4716 211.4821
259.6053 211.5932
259.7208 211.7116
259.8789 211.8276
260.0126 211.9415
260.1646 212.0448
260.2558 212.1514
260.4261 212.2592
260.6024 212.3777
260.6753 212.4851
260.8212 212.5985
260.9975 212.7054
261.0948 212.8181
261.2346 212.9304
261.3197 213.0311
261.4717 213.1391
261.6116 213.2464
261.7149 213.3466
261.7939 213.4532
261.9885 213.5479
262.104 213.6407
262.2195 213.7449
262.335 213.8467
262.5113 213.9525
262.6208 214.0493
262.7484 214.1515
262.87 214.2349
262.9673 214.3438
263.1436 214.4324
263.2348 214.5327
263.3442 214.6301
263.4597 214.7278
263.6239 214.8205
263.7819 214.9157
263.8549 215.0019
263.9461 215.1083
264.0312 215.1943
264.2014 215.2869
264.2683 215.3812
264.3656 215.4784
264.5358 215.5613
264.6027 215.6586
264.7121 215.7403
264.8033 215.8375
264.9188 215.9267
265.0526 216.0252
265.1741 216.1057
265.2714 216.1992
265.3748 216.284
265.472 216.374
265.5754 216.4532
265.7031 216.5537
265.8186 216.6329
265.9098 216.7145
266.0253 216.8073
266.1651 216.8793
266.2502 216.9721
266.3475 217.068
266.4144 217.1378
266.5664 217.2282
266.694 217.3114
266.7609 217.3999
266.8703 217.4782
266.9494 217.5578
267.0466 217.6447
267.1743 217.718
267.2777 217.8052
267.3871 217.8815
267.4175 217.9676
267.5695 218.0491
267.6364 218.1257
267.7823 218.2
267.8309 218.2906
267.9768 218.3691
268.0437 218.4341
268.1713 218.5101
268.2443 218.5904
268.3355 218.655
268.4328 218.7464
268.524 218.8177
268.5969 218.8963
268.6881 218.9699
268.7732 219.053
268.8766 219.128
268.9799 219.2114
269.0894 219.2779
269.2049 219.3545
269.2231 219.4206
269.29 219.5008
269.369 219.5711
269.4602 219.6403
269.5453 219.7085
269.6791 219.7848
269.7155 219.8569
269.8675 219.9262
269.9222 219.9984
270.0195 220.0778
270.1289 220.1297
270.2141 220.2176
270.2323 220.283
270.36 220.3578
270.4694 220.4208
270.5545 220.4903
270.5667 220.5483
270.6335 220.6229
270.7308 220.6913
270.7916 220.7607
270.901 220.8275
270.974 220.8815
271.0956 220.9558
271.126 221.0195
271.2293 221.0855
271.3084 221.1396
271.3752 221.2048
271.43 221.2817
271.509 221.3391
271.582 221.4063
271.6245 221.4737
271.7096 221.5446
271.8312 221.604
271.8981 221.6549
271.9528 221.723
272.0318 221.7863
272.1109 221.8434
272.1595 221.9092
272.2385 221.9644
272.2811 222.0382
272.3905 222.0998
272.4696 222.1503
272.5547 222.206
272.579 222.2727
272.6884 222.3384
272.7371 222.3922
272.7796 222.4424
272.8222 222.4912
272.9377 222.5441
272.9802 222.6112
273.0593 222.6646
273.1079 222.7381
273.1991 222.78
273.2781 222.8399
273.2903 222.897
273.3511 222.9474
273.4423 223.01
273.5213 223.0663
273.5943 223.1107
273.6733 223.1777
273.6976 223.2271
273.7584 223.2804
273.8314 223.3414
273.8131 223.387
273.9226 223.425
273.9165 223.4617
274.0016 223.4945
274.1171 223.5835
274.1901 223.6229
274.2448 223.6719
274.2813 223.6946
274.3785 223.7615
274.4332 223.8083
274.5001 223.8578
274.494 223.9109
274.567 223.9728
274.6339 224.0049
274.6886 224.0626
274.7433 224.1239
274.8284 224.172
274.9074 224.2405
274.9378 224.2841
274.9439 224.3325
275.0594 224.3901
275.1385 224.442
275.181 224.4955
275.2175 224.5444
275.2965 224.6017
275.3087 224.6503
275.406 224.6926
275.4668 224.7399
275.5093 224.796
275.6005 224.84
275.7099 224.9071
275.6917 224.9546
275.7525 225.015
275.8133 225.063
275.9106 225.1169
275.8862 225.1537
275.9531 225.207
276.0382 225.264
276.0808 225.3263
276.1294 225.3765
276.1659 225.4259
276.251 225.4872
276.3118 225.5259
276.3361 225.581
276.4395 225.6281
276.4699 225.6663
276.4881 225.7322
276.5489 225.7789
276.6401 225.8256
276.6827 225.8669
276.786 225.9332
276.7982 225.9838
276.865 226.0366
276.9258 226.0739
276.9806 226.1264
276.9927 226.1813
277.09 226.2345
277.09 226.282
277.1325 226.3182
277.242 226.3695
277.242 226.4207
277.3453 226.4716
277.3332 226.5168
277.4 226.5626
277.4487 226.6032
277.5763 226.6554
277.5216 226.7033
277.6067 226.7459
277.6979 226.797
277.7101 226.8416
277.7891 226.8796
277.7709 226.927
277.8925 226.9725
277.9107 227.0243
277.9594 227.0628
278.0202 227.1068
278.0931 227.1564
278.1053 227.2078
278.1478 227.2646
278.2086 227.2917
278.2694 227.3419
278.2937 227.3875
278.3545 227.428
278.3971 227.4805
278.47 227.5375
278.5126 227.5708
278.5855 227.6194
278.5734 227.6649
278.6038 227.7041
278.6767 227.7509
278.7254 227.7874
278.7497 227.8256
278.7679 227.8761
278.8044 227.9144
278.8652 227.9548
278.9564 227.9979
279.005 228.0365
279.005 228.0977
279.078 228.1404
279.1084 228.1881
279.157 228.2318
279.1935 228.2749
279.2421 228.3242
279.2664 228.3553
279.3029 228.3917
279.3272 228.4483
279.4306 228.4928
279.4306 228.5345
279.5036 228.5759
279.5339 228.61
279.5887 228.6572
279.6373 228.6997
279.6555 228.7381
279.7103 228.7926
279.7528 228.834
279.844 228.8856
279.8683 228.9142
279.8562 228.9541
279.8987 229.0046
279.9778 229.0495
280.0203 229.0731
280.0568 229.1246
280.0872 229.1666
280.1358 229.2119
280.1845 229.2564
280.2088 229.2921
280.2696 229.3349
280.2453 229.3754
280.3364 229.404
280.379 229.434
280.4216 229.4823
280.4459 229.5248
280.4702 229.5692
280.5188 229.606
280.5553 229.6494
280.6222 229.6802
280.61 229.7204
280.6343 229.7541
280.7498 229.7943
280.7681 229.8361
280.841 229.8828
280.8532 229.9164
280.8654 229.9553
280.9322 229.9992
280.9687 230.0401
280.9748 230.0685
281.0234 230.108
281.0234 230.1405
281.0781 230.1831
281.1146 230.233
281.1633 230.2657
281.2119 230.3042
281.2544 230.3482
281.2544 230.3763
281.2727 230.4024
281.3031 230.4419
281.37 230.4734
281.4308 230.516
281.4551 230.5502
281.4672 230.583
281.5098 230.6236
281.528 230.6611
281.5888 230.6982
281.5767 230.7331
281.6679 230.7668
281.6557 230.8154
281.6922 230.8432
281.6861 230.8762
281.7408 230.9164
281.8016 230.9606
281.7469 230.9882
281.8928 231.018
281.911 231.0598
281.9597 231.1179
281.9901 231.1444
281.9901 231.1829
282.063 231.2128
282.1056 231.2612
282.1117 231.2981
282.1481 231.3281
282.2089 231.3707
282.2272 231.4043
282.2454 231.456
282.3184 231.4884
282.3123 231.5265
282.3913 231.5521
282.3852 231.5899
282.4339 231.6148
282.4035 231.6479
282.4886 231.683
282.4764 231.7193
282.5372 231.7493
282.5372 231.7816
282.598 231.8325
282.6284 231.8605
282.6223 231.8845
282.6649 231.9253
282.6527 231.9699
282.7561 231.9968
282.7318 232.0312
282.8169 232.0756
282.8047 232.1008
282.8655 232.1352
282.9202 232.1755
282.9081 232.2197
282.9263 232.2455
282.9871 232.2883
283.0661 232.3188
283.0357 232.3476
283.0418 232.39
283.1209 232.4145
283.1269 232.4485
283.1634 232.4739
283.1756 232.5135
283.1999 232.5615
283.2303 232.5749
283.2789 232.6236
283.3032 232.6582
283.3276 232.6886
283.3397 232.7112
283.4005 232.7507
283.3823 232.7792
283.4127 232.808
283.4309 232.8565
283.4674 232.8808
283.5221 232.9188
283.5039 232.9496
283.5282 232.9828
283.5829 233.0214
283.668 233.0556
283.6437 233.0991
283.6863 233.1214
283.6923 233.155
283.6923 233.1927
283.7531 233.219
283.7349 233.2529
283.82 233.2875
283.8504 233.3192
283.8626 233.3551
283.8869 233.3853
283.899 233.412
283.9051 233.4498
283.9841 233.4736
283.9781 233.5125
283.9781 233.5458
284.0449 233.5774
284.0997 233.6145
284.1118 233.6397
284.0997 233.6761
284.1361 233.708
284.203 233.7333
284.1909 233.7749
284.203 233.8036
284.2091 233.8357
284.2942 233.8631
284.2577 233.8978
284.3064 233.9266
284.3064 233.9562
284.355 233.9974
284.3428 234.0236
284.4158 234.0465
284.3915 234.0754
284.4097 234.1151
284.4158 234.153
284.4401 234.1774
284.5252 234.2053
284.5252 234.2309
284.5374 234.2589
284.5678 234.2903
284.586 234.3312
284.6286 234.3568
284.6225 234.3886
284.6529 234.4147
284.659 234.4489
284.6468 234.4816
284.7137 234.5094
284.7441 234.5463
284.7623 234.5719
284.7623 234.6011
284.8474 234.6325
284.8414 234.6661
284.8961 234.6963
284.8596 234.7237
284.8961 234.7484
284.9082 234.782
284.9265 234.8149
284.9082 234.8361
284.9812 234.8591
284.9873 234.8892
284.9994 234.927
285.0237 234.9556
285.1271 234.9959
285.0845 235.0246
285.0967 235.0507
285.1453 235.0856
285.1393 235.1066
285.1879 235.1309
285.2061 235.1549
285.2122 235.19
285.2608 235.2076
285.2183 235.2423
285.2244 235.2808
285.3034 235.3029
285.3095 235.33
285.3034 235.3634
285.346 235.3832
285.3764 235.4047
285.4311 235.4399
285.4493 235.4803
285.4311 235.506
285.4615 235.5295
285.4797 235.5618
285.4736 235.5857
285.5891 235.6172
285.5405 235.6434
285.5466 235.671
285.5466 235.6894
285.5831 235.7265
285.6256 235.7468
285.6013 235.7782
285.6195 235.8149
285.6743 235.8292
285.6378 235.8545
285.7229 235.8852
285.6864 235.9149
285.735 235.9436
285.8141 235.9715
285.7594 235.9809
285.7654 236.0215
285.8384 236.0476
285.8445 236.0681
285.8445 236.1027
285.8688 236.1294
285.8931 236.1591
285.8749 236.1822
285.9296 236.2003
285.9721 236.2269
285.9114 236.2558
285.9782 236.2722
285.9539 236.3037
286.0269 236.3366
285.9965 236.3581
286.0086 236.3814
286.0816 236.4193
286.0086 236.4445
286.039 236.4625
286.0877 236.489
286.1363 236.5193
286.1606 236.5423
286.1363 236.5699
286.191 236.5938
286.1667 236.6127
286.1789 236.6391
286.2518 236.6714
286.2457 236.7016
286.2944 236.7219
286.3004 236.7564
286.3248 236.7697
286.2883 236.7994
286.2944 236.8317
286.3248 236.862
286.3369 236.8773
286.3673 236.8973
286.3977 236.9212
286.416 236.9583
286.4281 236.9737
286.422 236.9983
286.4585 237.0232
286.4707 237.0478
286.5071 237.0732
286.5071 237.1009
286.5132 237.1246
286.5983 237.1473
286.574 237.1688
286.5801 237.1894
286.5862 237.2199
286.6044 237.2514
286.6166 237.2754
286.6348 237.2971
286.6591 237.3182
286.6956 237.3474
286.6895 237.3708
286.6713 237.3915
286.7078 237.4301
286.6895 237.4446
286.7078 237.4613
286.7321 237.4902
286.7503 237.5147
286.7868 237.5381
286.7868 237.5676
286.8294 237.5879
286.7625 237.6099
286.8233 237.6328
286.8354 237.6626
286.8719 237.6916
286.8537 237.7051
286.9266 237.7358
286.9023 237.7618
286.8658 237.7813
286.9206 237.8005
286.8962 237.8244
286.9996 237.8576
286.9692 237.8662
286.9753 237.8942
287.0117 237.9178
286.9996 237.9381
287.0117 237.9597
287.0543 237.9839
287.0543 238.0051
287.0665 238.0241
287.109 238.0409
287.0665 238.0696
287.0908 238.082
287.0543 238.1108
287.1516 238.1355
287.1212 238.1634
287.1698 238.1896
287.1577 238.2116
287.1941 238.2315
287.2306 238.243
287.1941 238.2603
287.2732 238.2782
287.3036 238.3155
287.261 238.3359
287.2549 238.3678
287.2488 238.3736
287.334 238.3935
287.3218 238.416
287.3522 238.4409
287.413 238.4676
287.3583 238.4775
287.4069 238.5115
287.3644 238.5316
287.3522 238.5502
287.3948 238.5793
287.4312 238.5971
287.4434 238.6152
287.4616 238.6384
287.4738 238.6582
287.4981 238.6745
287.4677 238.6871
287.4981 238.7197
287.5224 238.7378
287.5285 238.7558
287.5407 238.7792
287.5467 238.8122
287.5346 238.823
287.565 238.8453
287.6379 238.8606
287.5528 238.881
287.5832 238.9084
287.6562 238.9211
287.5954 238.9423
287.6623 238.9514
287.6501 238.9773
287.6805 239.0066
287.6805 239.0258
287.7048 239.0424
287.717 239.0744
287.7717 239.0871
287.7413 239.0949
287.717 239.1187
287.723 239.1464
287.7717 239.1694
287.7899 239.1852
287.8021 239.2031
287.8021 239.2214
287.8264 239.2344
287.8872 239.2555
287.8386 239.2749
287.8386 239.2946
287.9054 239.3102
287.9115 239.3365
287.9297 239.3508
287.8933 239.3645
287.9358 239.3833
287.8994 239.4034
287.948 239.4349
287.9845 239.4613
287.9419 239.4692
287.9723 239.4795
287.9845 239.506
288.0453 239.5259
287.9966 239.537
287.9845 239.5582
288.0635 239.5704
288.0453 239.5999
288.0453 239.6141
288.0635 239.6362
288.0757 239.6543
288.1425 239.68
288.1182 239.6991
288.1243 239.7203
288.1182 239.7417
288.1243 239.7564
288.1486 239.7714
288.1182 239.7884
288.1182 239.8046
288.1061 239.8273
288.1851 239.8482
288.1608 239.8633
288.2155 239.8789
288.1972 239.8986
288.2337 239.9115
288.2276 239.9344
288.258 239.9528
288.2702 239.9714