%Intensidad(A) Campo_pos (mT)
0.04 5
0.09 12
0.12 14
0.17 20
0.21 32
0.25 36
0.27 41
0.33 47
0.36 50
0.39 55
0.47 59
0.45 62
0.52 68
0.54 71
0.57 76
0.6 80
0.67 87
0.69 89
0.73 93
0.77 99
0.81 104
0.84 108
0.86 110
0.93 118
0.94 122
0.99 131
1.02 134
1.11 143
1.17 149
1.2 154
1.23 158
1.27 161
1.34 168
1.45 182
1.48 184
1.51 187
1.58 199
1.67 204
1.74 212
1.78 215
1.82 220
1.86 225
1.94 236
1.95 236
1.87 229
1.83 223
1.81 222
1.74 216
1.71 212
1.67 209
1.63 204
1.59 201
1.57 199
1.52 193
1.49 190
1.45 185
1.42 182
1.36 175
1.34 173
1.31 169
1.25 164
1.2 157
1.17 153
1.12 148
1.12 144
1.06 139
1.02 134
0.99 131
0.97 129
0.92 124
0.88 119
0.79 107
0.72 99
0.67 94
0.66 93
0.6 85
0.56 79
0.51 74
0.5 71
0.45 66
0.43 64
0.39 59
0.34 52
0.3 46
0.29 45
0.24 41
0.2 35
0.16 30
0.12 25
0.08 20
0.04 15
